
08/31/2014 23:00, 71.3, 0, 0.00, 96, 70, 0.5, 72, 0, 60, 
08/31/2014 22:00, 73.6, 0, 0.00, 90, 70, 1.6, 102, 0, 60, 
08/31/2014 21:00, 75.6, 0, 0.00, 93, 73, 1.4, 210, 0, 60, 
08/31/2014 20:00, 77.0, 0, 0.00, 91, 74, 1.5, 205, 0, 60, 
08/31/2014 19:00, 79.2, 0, 0.00, 79, 72, 1.6, 246, 5, 0, 
08/31/2014 18:00, 82.0, 0, 0.00, 68, 70, 2.8, 267, 16, 0, 
08/31/2014 17:00, 83.4, 0, 0.00, 63, 69, 4.7, 236, 24, 0, 
08/31/2014 16:00, 84.6, 0, 0.00, 61, 70, 6.1, 237, 46, 0, 
08/31/2014 15:00, 84.5, 0, 0.00, 58, 68, 7.4, 224, 58, 0, 
08/31/2014 14:00, 84.2, 0, 0.00, 66, 72, 4.2, 222, 57, 0, 
08/31/2014 13:00, 81.0, 0, 0.00, 73, 72, 4.5, 207, 37, 0, 
08/31/2014 12:00, 80.0, 0, 0.00, 81, 74, 3.8, 216, 28, 0, 
08/31/2014 11:00, 78.5, 0, 0.00, 89, 75, 2.5, 188, 26, 0, 
08/31/2014 10:00, 76.2, 0, 0.00, 96, 75, 3.2, 190, 22, 60, 
08/31/2014 09:00, 73.7, 0, 0.00, 98, 73, 3.3, 205, 11, 60, 
08/31/2014 08:00, 72.1, 0, 0.00, 99, 72, 3.8, 200, 2, 60, 
08/31/2014 07:00, 71.5, 0, 0.00, 98, 71, 2.7, 203, 0, 60, 
08/31/2014 06:00, 71.4, 0, 0.00, 98, 71, 2.6, 209, 0, 60, 
08/31/2014 05:00, 71.7, 0, 0.00, 98, 71, 2.6, 199, 0, 60, 
08/31/2014 04:00, 71.6, 0, 0.00, 99, 71, 2.2, 197, 0, 60, 
08/31/2014 03:00, 71.5, 0, 0.00, 98, 71, 1.6, 195, 0, 60, 
08/31/2014 02:00, 71.7, 0, 0.00, 98, 71, 2.2, 196, 0, 60, 
08/31/2014 01:00, 71.7, 0, 0.00, 98, 71, 2.5, 192, 0, 60, 
08/31/2014 00:00, 72.1, 0, 0.00, 95, 71, 2.1, 196, 0, 60, 
08/29/2014 23:00, 59.2, 0, 0.00, 91, 57, 0.4, 204, 0, 60, 
08/29/2014 22:00, 60.9, 0, 0.00, 89, 58, 1.1, 225, 0, 0, 
08/29/2014 21:00, 61.5, 0, 0.00, 83, 56, 0.6, 225, 0, 0, 
08/29/2014 20:00, 66.5, 0, 0.00, 74, 58, 1.0, 210, 1, 0, 
08/29/2014 19:00, 72.7, 0, 0.00, 58, 57, 1.4, 81, 16, 0, 
08/29/2014 18:00, 73.8, 0, 0.00, 50, 54, 2.1, 94, 32, 0, 
08/29/2014 17:00, 73.8, 0, 0.00, 49, 53, 2.1, 96, 42, 0, 
08/29/2014 16:00, 74.0, 0, 0.00, 50, 54, 2.3, 64, 55, 0, 
08/29/2014 15:00, 73.9, 0, 0.00, 50, 54, 2.3, 159, 67, 0, 
08/29/2014 14:00, 72.1, 0, 0.00, 51, 53, 1.7, 177, 73, 0, 
08/29/2014 13:00, 70.8, 0, 0.00, 53, 53, 2.2, 118, 72, 0, 
08/29/2014 12:00, 69.5, 0, 0.00, 57, 54, 2.3, 117, 60, 0, 
08/29/2014 11:00, 67.3, 0, 0.00, 61, 53, 2.8, 67, 49, 0, 
08/29/2014 10:00, 67.3, 0, 0.00, 67, 56, 1.7, 41, 40, 0, 
08/29/2014 09:00, 65.2, 0, 0.00, 70, 55, 1.6, 265, 23, 0, 
08/29/2014 08:00, 58.9, 0, 0.00, 94, 57, 0.7, 250, 8, 60, 
08/29/2014 07:00, 52.1, 0, 0.00, 97, 51, 1.0, 214, 0, 60, 
08/29/2014 06:00, 54.4, 0, 0.00, 94, 53, 0.9, 293, 0, 60, 
08/29/2014 05:00, 56.1, 0, 0.00, 85, 52, 1.0, 277, 0, 0, 
08/29/2014 04:00, 56.2, 0, 0.00, 85, 52, 1.1, 268, 0, 0, 
08/29/2014 03:00, 57.4, 0, 0.00, 82, 52, 1.7, 348, 0, 0, 
08/29/2014 02:00, 60.1, 0, 0.00, 74, 52, 2.5, 351, 0, 0, 
08/29/2014 01:00, 61.4, 0, 0.00, 75, 53, 3.2, 354, 0, 0, 
08/29/2014 00:00, 61.0, 0, 0.00, 82, 55, 1.9, 259, 0, 0, 
08/27/2014 23:00, 74.7, 0, 0.00, 89, 71, 1.6, 210, 0, 0, 
08/27/2014 22:00, 75.7, 0, 0.00, 85, 71, 0.3, 282, 0, 0, 
08/27/2014 21:00, 74.1, 0, 0.00, 95, 73, 0.4, 109, 0, 60, 
08/27/2014 20:00, 78.7, 0, 0.00, 80, 72, 2.0, 225, 0, 0, 
08/27/2014 19:00, 81.4, 0, 0.00, 75, 73, 3.1, 222, 12, 0, 
08/27/2014 18:00, 83.3, 0, 0.00, 68, 72, 3.0, 213, 24, 0, 
08/27/2014 17:00, 85.2, 0, 0.00, 62, 71, 3.0, 204, 36, 0, 
08/27/2014 16:00, 84.1, 0, 0.00, 65, 71, 3.5, 211, 48, 0, 
08/27/2014 15:00, 84.2, 0, 0.00, 65, 71, 3.3, 193, 65, 0, 
08/27/2014 14:00, 82.7, 0, 0.00, 68, 71, 3.0, 185, 60, 0, 
08/27/2014 13:00, 81.2, 0, 0.00, 67, 69, 2.8, 182, 53, 0, 
08/27/2014 12:00, 80.9, 0, 0.00, 66, 68, 2.5, 186, 65, 0, 
08/27/2014 11:00, 78.2, 0, 0.00, 72, 68, 2.3, 193, 54, 0, 
08/27/2014 10:00, 74.7, 0, 0.00, 77, 67, 2.1, 174, 40, 0, 
08/27/2014 09:00, 71.7, 0, 0.00, 82, 66, 0.8, 89, 24, 0, 
08/27/2014 08:00, 66.1, 0, 0.00, 98, 66, 0.3, 255, 11, 60, 
08/27/2014 07:00, 60.8, 0, 0.00, 98, 60, 0.2, 225, 1, 60, 
08/27/2014 06:00, 60.9, 0, 0.00, 97, 60, 0.5, 233, 0, 60, 
08/27/2014 05:00, 61.9, 0, 0.00, 97, 61, 0.7, 272, 0, 60, 
08/27/2014 04:00, 61.6, 0, 0.00, 97, 61, 0.4, 257, 0, 60, 
08/27/2014 03:00, 62.6, 0, 0.00, 97, 62, 0.3, 289, 0, 60, 
08/27/2014 02:00, 62.0, 0, 0.00, 98, 61, 0.5, 315, 0, 60, 
08/27/2014 01:00, 62.9, 0, 0.00, 97, 62, 1.0, 240, 0, 60, 
08/27/2014 00:00, 63.9, 0, 0.00, 97, 63, 0.3, 264, 0, 60, 
08/25/2014 23:00, 62.1, 0, 0.00, 97, 61, 0.2, 157, 0, 60, 
08/25/2014 22:00, 65.0, 0, 0.00, 91, 62, 0.9, 240, 0, 60, 
08/25/2014 21:00, 67.4, 0, 0.00, 88, 64, 1.1, 237, 0, 0, 
08/25/2014 20:00, 72.2, 0, 0.00, 79, 65, 0.6, 136, 4, 0, 
08/25/2014 19:00, 77.3, 0, 0.00, 66, 65, 0.9, 123, 18, 0, 
08/25/2014 18:00, 78.7, 0, 0.00, 59, 63, 1.2, 103, 32, 0, 
08/25/2014 17:00, 77.2, 0, 0.00, 56, 60, 1.6, 136, 41, 0, 
08/25/2014 16:00, 79.0, 0, 0.00, 53, 60, 1.8, 103, 52, 0, 
08/25/2014 15:00, 77.0, 0, 0.00, 58, 61, 2.3, 113, 64, 0, 
08/25/2014 14:00, 77.2, 0, 0.00, 57, 61, 2.4, 78, 78, 0, 
08/25/2014 13:00, 76.4, 0, 0.00, 57, 60, 2.8, 68, 81, 0, 
08/25/2014 12:00, 76.1, 0, 0.00, 62, 62, 2.1, 80, 71, 0, 
08/25/2014 11:00, 74.2, 0, 0.00, 71, 64, 1.6, 85, 53, 0, 
08/25/2014 10:00, 72.7, 0, 0.00, 89, 69, 1.2, 57, 43, 0, 
08/25/2014 09:00, 67.6, 0, 0.00, 97, 67, 1.2, 34, 27, 60, 
08/25/2014 08:00, 62.1, 0, 0.00, 98, 62, 0.6, 135, 12, 60, 
08/25/2014 07:00, 58.5, 0, 0.00, 97, 58, 0.6, 213, 1, 60, 
08/25/2014 06:00, 57.2, 0, 0.00, 96, 56, 0.5, 300, 0, 60, 
08/25/2014 05:00, 57.5, 0, 0.00, 97, 57, 0.3, 300, 0, 60, 
08/25/2014 04:00, 58.0, 0, 0.00, 97, 57, 0.6, 266, 0, 60, 
08/25/2014 03:00, 59.1, 0, 0.00, 97, 58, 0.6, 236, 0, 60, 
08/25/2014 02:00, 60.6, 0, 0.00, 98, 60, 1.5, 192, 0, 60, 
08/25/2014 01:00, 60.0, 0, 0.00, 98, 59, 0.8, 329, 0, 60, 
08/25/2014 00:00, 60.8, 0, 0.00, 98, 60, 0.5, 299, 0, 60, 
08/23/2014 23:00, 64.3, 60, 0.11, 97, 63, 1.7, 49, 0, 60, 
08/23/2014 22:00, 64.6, 60, 0.01, 98, 64, 1.5, 47, 0, 60, 
08/23/2014 21:00, 64.7, 60, 0.00, 97, 64, 3.2, 49, 0, 60, 
08/23/2014 20:00, 65.1, 60, 0.04, 98, 65, 3.2, 66, 0, 60, 
08/23/2014 19:00, 66.2, 60, 0.01, 98, 66, 1.1, 29, 1, 60, 
08/23/2014 18:00, 66.6, 60, 0.00, 98, 66, 2.4, 50, 4, 60, 
08/23/2014 17:00, 66.4, 60, 0.00, 98, 66, 2.3, 49, 5, 60, 
08/23/2014 16:00, 66.2, 60, 0.01, 98, 66, 2.8, 51, 6, 60, 
08/23/2014 15:00, 66.5, 60, 0.00, 98, 66, 1.2, 83, 9, 60, 
08/23/2014 14:00, 66.0, 60, 0.06, 98, 65, 1.9, 63, 10, 60, 
08/23/2014 13:00, 65.7, 60, 0.00, 98, 65, 3.0, 65, 8, 60, 
08/23/2014 12:00, 65.3, 56, 0.16, 98, 65, 1.5, 80, 10, 60, 
08/23/2014 11:00, 64.7, 49, 0.58, 97, 64, 2.7, 60, 5, 60, 
08/23/2014 10:00, 65.4, 60, 0.07, 98, 65, 2.6, 70, 7, 60, 
08/23/2014 09:00, 65.3, 34, 0.08, 98, 65, 1.6, 92, 4, 60, 
08/23/2014 08:00, 65.7, 3, 0.00, 98, 65, 1.1, 129, 2, 60, 
08/23/2014 07:00, 66.0, 0, 0.00, 98, 65, 1.7, 84, 0, 60, 
08/23/2014 06:00, 66.9, 0, 0.00, 99, 67, 1.0, 105, 0, 60, 
08/23/2014 05:00, 67.6, 25, 0.00, 98, 67, 1.2, 150, 0, 60, 
08/23/2014 04:00, 68.2, 60, 0.00, 99, 68, 1.3, 130, 0, 60, 
08/23/2014 03:00, 68.9, 60, 0.00, 99, 69, 1.0, 150, 0, 60, 
08/23/2014 02:00, 69.2, 60, 0.00, 99, 69, 1.2, 146, 0, 60, 
08/23/2014 01:00, 69.3, 60, 0.01, 98, 69, 0.4, 171, 0, 60, 
08/23/2014 00:00, 69.5, 33, 0.01, 99, 69, 0.5, 233, 0, 60, 
08/21/2014 23:00, 67.1, 60, 0.00, 99, 67, 0.3, 301, 0, 60, 
08/21/2014 22:00, 67.7, 60, 0.00, 98, 67, 0.2, 315, 0, 60, 
08/21/2014 21:00, 68.3, 60, 0.00, 99, 68, 1.2, 219, 0, 60, 
08/21/2014 20:00, 68.8, 60, 0.06, 99, 69, 2.5, 196, 0, 60, 
08/21/2014 19:00, 68.8, 42, 0.58, 99, 69, 5.4, 15, 0, 60, 
08/21/2014 18:00, 74.0, 0, 0.00, 76, 66, 4.5, 145, 6, 0, 
08/21/2014 17:00, 80.0, 0, 0.00, 70, 69, 2.3, 193, 18, 0, 
08/21/2014 16:00, 81.1, 0, 0.00, 65, 68, 2.0, 128, 34, 0, 
08/21/2014 15:00, 81.7, 0, 0.00, 63, 68, 3.4, 120, 66, 0, 
08/21/2014 14:00, 81.5, 0, 0.00, 70, 71, 2.1, 77, 46, 0, 
08/21/2014 13:00, 79.4, 0, 0.00, 79, 72, 2.0, 93, 43, 0, 
08/21/2014 12:00, 79.3, 0, 0.00, 81, 73, 1.7, 143, 65, 0, 
08/21/2014 11:00, 76.3, 0, 0.00, 86, 72, 1.9, 187, 50, 0, 
08/21/2014 10:00, 72.7, 3, 0.00, 92, 70, 2.0, 165, 37, 60, 
08/21/2014 09:00, 68.9, 60, 0.00, 98, 68, 0.6, 214, 26, 60, 
08/21/2014 08:00, 65.1, 60, 0.00, 98, 65, 0.1, 360, 9, 60, 
08/21/2014 07:00, 62.9, 60, 0.00, 97, 62, 0.1, 360, 0, 60, 
08/21/2014 06:00, 63.6, 52, 0.00, 97, 63, 0.6, 175, 0, 60, 
08/21/2014 05:00, 64.0, 48, 0.00, 97, 63, 0.7, 306, 0, 60, 
08/21/2014 04:00, 63.7, 48, 0.00, 97, 63, 0.5, 350, 0, 60, 
08/21/2014 03:00, 63.9, 48, 0.00, 98, 63, 0.2, 170, 0, 60, 
08/21/2014 02:00, 64.2, 45, 0.00, 97, 63, 0.5, 67, 0, 60, 
08/21/2014 01:00, 65.1, 0, 0.00, 97, 64, 0.6, 143, 0, 60, 
08/21/2014 00:00, 65.8, 0, 0.00, 97, 65, 0.4, 233, 0, 60, 
08/19/2014 23:00, 72.4, 0, 0.00, 89, 69, 0.2, 180, 0, 0, 
08/19/2014 22:00, 73.3, 0, 0.00, 86, 69, 0.4, 193, 0, 0, 
08/19/2014 21:00, 73.7, 0, 0.00, 85, 69, 1.0, 188, 0, 0, 
08/19/2014 20:00, 75.0, 0, 0.00, 82, 69, 0.4, 121, 2, 0, 
08/19/2014 19:00, 76.8, 0, 0.00, 78, 69, 0.5, 113, 6, 0, 
08/19/2014 18:00, 77.5, 0, 0.00, 73, 68, 1.5, 123, 15, 0, 
08/19/2014 17:00, 78.5, 0, 0.00, 71, 68, 1.7, 139, 26, 0, 
08/19/2014 16:00, 79.2, 0, 0.00, 70, 69, 2.5, 176, 50, 0, 
08/19/2014 15:00, 77.0, 0, 0.00, 74, 68, 2.0, 171, 26, 0, 
08/19/2014 14:00, 76.9, 0, 0.00, 74, 68, 1.4, 140, 24, 0, 
08/19/2014 13:00, 76.7, 0, 0.00, 71, 67, 1.6, 131, 38, 0, 
08/19/2014 12:00, 75.3, 0, 0.00, 72, 66, 2.0, 94, 45, 0, 
08/19/2014 11:00, 73.3, 0, 0.00, 78, 66, 2.3, 54, 41, 0, 
08/19/2014 10:00, 73.5, 0, 0.00, 75, 65, 1.5, 47, 37, 0, 
08/19/2014 09:00, 69.5, 0, 0.00, 82, 64, 2.2, 37, 24, 0, 
08/19/2014 08:00, 68.3, 0, 0.00, 92, 66, 1.8, 164, 10, 60, 
08/19/2014 07:00, 64.5, 0, 0.00, 98, 64, 1.9, 340, 1, 60, 
08/19/2014 06:00, 63.4, 0, 0.00, 98, 63, 1.2, 228, 0, 60, 
08/19/2014 05:00, 64.8, 0, 0.00, 98, 64, 0.6, 261, 0, 60, 
08/19/2014 04:00, 64.8, 0, 0.00, 98, 64, 0.6, 164, 0, 60, 
08/19/2014 03:00, 65.1, 0, 0.00, 98, 65, 1.0, 256, 0, 60, 
08/19/2014 02:00, 65.2, 0, 0.00, 98, 65, 0.6, 337, 0, 60, 
08/19/2014 01:00, 64.8, 0, 0.00, 98, 64, 0.4, 309, 0, 60, 
08/19/2014 00:00, 65.5, 0, 0.00, 98, 65, 0.3, 329, 0, 60, 
08/17/2014 23:00, 65.5, 0, 0.00, 83, 60, 0.9, 263, 0, 0, 
08/17/2014 22:00, 67.7, 0, 0.00, 80, 61, 1.7, 315, 0, 0, 
08/17/2014 21:00, 70.5, 0, 0.00, 74, 62, 1.5, 315, 0, 0, 
08/17/2014 20:00, 73.0, 0, 0.00, 68, 62, 1.8, 328, 4, 0, 
08/17/2014 19:00, 79.2, 0, 0.00, 58, 63, 2.7, 268, 19, 0, 
08/17/2014 18:00, 79.1, 0, 0.00, 54, 61, 4.3, 319, 29, 0, 
08/17/2014 17:00, 80.5, 0, 0.00, 52, 61, 4.3, 303, 47, 0, 
08/17/2014 16:00, 80.1, 0, 0.00, 52, 61, 4.7, 301, 64, 0, 
08/17/2014 15:00, 79.6, 0, 0.00, 56, 62, 5.1, 325, 71, 0, 
08/17/2014 14:00, 78.6, 0, 0.00, 61, 64, 5.8, 314, 73, 0, 
08/17/2014 13:00, 76.2, 0, 0.00, 70, 66, 3.9, 305, 33, 0, 
08/17/2014 12:00, 74.3, 0, 0.00, 77, 67, 3.3, 232, 25, 0, 
08/17/2014 11:00, 72.9, 0, 0.00, 85, 68, 1.7, 152, 22, 0, 
08/17/2014 10:00, 70.0, 52, 0.00, 87, 66, 2.5, 231, 11, 0, 
08/17/2014 09:00, 66.5, 46, 0.00, 95, 65, 0.8, 199, 4, 60, 
08/17/2014 08:00, 65.1, 0, 0.00, 91, 62, 0.7, 130, 3, 60, 
08/17/2014 07:00, 64.8, 0, 0.00, 88, 61, 1.3, 233, 0, 0, 
08/17/2014 06:00, 61.6, 0, 0.00, 92, 59, 0.5, 187, 0, 60, 
08/17/2014 05:00, 63.0, 0, 0.00, 84, 58, 1.2, 217, 0, 0, 
08/17/2014 04:00, 58.5, 0, 0.00, 97, 58, 0.6, 295, 0, 60, 
08/17/2014 03:00, 58.5, 0, 0.00, 97, 58, 1.4, 119, 0, 60, 
08/17/2014 02:00, 59.8, 0, 0.00, 95, 58, 0.4, 105, 0, 60, 
08/17/2014 01:00, 58.2, 0, 0.00, 97, 57, 0.1, 67, 0, 60, 
08/17/2014 00:00, 63.3, 0, 0.00, 83, 58, 1.0, 193, 0, 0, 
08/15/2014 23:00, 58.5, 0, 0.00, 81, 53, 1.1, 247, 0, 0, 
08/15/2014 22:00, 62.5, 0, 0.00, 69, 52, 1.7, 245, 0, 0, 
08/15/2014 21:00, 63.2, 0, 0.00, 71, 54, 1.5, 252, 0, 0, 
08/15/2014 20:00, 67.0, 0, 0.00, 63, 54, 1.6, 260, 5, 0, 
08/15/2014 19:00, 70.4, 0, 0.00, 55, 53, 2.1, 261, 13, 0, 
08/15/2014 18:00, 72.9, 0, 0.00, 44, 50, 3.7, 288, 34, 0, 
08/15/2014 17:00, 72.9, 0, 0.00, 46, 51, 3.4, 277, 38, 0, 
08/15/2014 16:00, 72.8, 0, 0.00, 48, 52, 3.5, 280, 47, 0, 
08/15/2014 15:00, 71.9, 0, 0.00, 47, 51, 4.6, 282, 59, 0, 
08/15/2014 14:00, 70.9, 0, 0.00, 49, 51, 4.3, 280, 58, 0, 
08/15/2014 13:00, 70.8, 0, 0.00, 50, 51, 4.8, 286, 69, 0, 
08/15/2014 12:00, 69.6, 0, 0.00, 51, 51, 5.3, 267, 74, 0, 
08/15/2014 11:00, 68.0, 0, 0.00, 54, 51, 5.4, 267, 61, 0, 
08/15/2014 10:00, 66.4, 0, 0.00, 58, 51, 4.3, 261, 46, 0, 
08/15/2014 09:00, 63.1, 0, 0.00, 64, 51, 4.2, 246, 28, 0, 
08/15/2014 08:00, 60.6, 0, 0.00, 66, 49, 3.1, 254, 13, 0, 
08/15/2014 07:00, 57.2, 0, 0.00, 72, 48, 2.1, 252, 2, 0, 
08/15/2014 06:00, 55.6, 0, 0.00, 76, 48, 1.7, 253, 0, 0, 
08/15/2014 05:00, 56.3, 0, 0.00, 74, 48, 2.0, 257, 0, 0, 
08/15/2014 04:00, 54.6, 0, 0.00, 80, 49, 1.4, 206, 0, 0, 
08/15/2014 03:00, 55.4, 0, 0.00, 80, 49, 1.6, 200, 0, 0, 
08/15/2014 02:00, 59.9, 0, 0.00, 64, 48, 2.1, 258, 0, 0, 
08/15/2014 01:00, 61.5, 0, 0.00, 59, 47, 2.0, 278, 0, 0, 
08/15/2014 00:00, 62.0, 0, 0.00, 63, 49, 2.3, 307, 0, 0, 
08/13/2014 23:00, 67.8, 0, 0.00, 60, 53, 4.4, 273, 0, 0, 
08/13/2014 22:00, 68.6, 0, 0.00, 62, 55, 6.2, 272, 0, 0, 
08/13/2014 21:00, 69.4, 0, 0.00, 64, 57, 6.2, 264, 0, 0, 
08/13/2014 20:00, 71.1, 0, 0.00, 65, 59, 5.8, 274, 2, 0, 
08/13/2014 19:00, 73.3, 0, 0.00, 65, 61, 5.4, 261, 16, 0, 
08/13/2014 18:00, 74.1, 0, 0.00, 65, 62, 6.1, 263, 23, 0, 
08/13/2014 17:00, 75.0, 0, 0.00, 62, 61, 6.7, 265, 29, 0, 
08/13/2014 16:00, 76.1, 0, 0.00, 63, 63, 7.0, 277, 67, 0, 
08/13/2014 15:00, 75.2, 0, 0.00, 65, 63, 5.7, 289, 52, 0, 
08/13/2014 14:00, 74.0, 0, 0.00, 70, 64, 7.6, 276, 55, 0, 
08/13/2014 13:00, 75.0, 0, 0.00, 67, 63, 8.7, 264, 69, 0, 
08/13/2014 12:00, 75.3, 0, 0.00, 70, 65, 5.7, 268, 59, 0, 
08/13/2014 11:00, 73.6, 0, 0.00, 71, 64, 5.3, 275, 52, 0, 
08/13/2014 10:00, 72.5, 0, 0.00, 80, 66, 4.9, 261, 42, 0, 
08/13/2014 09:00, 71.4, 0, 0.00, 85, 67, 3.6, 259, 28, 0, 
08/13/2014 08:00, 68.6, 30, 0.00, 97, 68, 1.8, 225, 12, 60, 
08/13/2014 07:00, 67.3, 60, 0.00, 98, 67, 1.8, 255, 0, 60, 
08/13/2014 06:00, 66.9, 60, 0.01, 98, 66, 1.0, 264, 0, 60, 
08/13/2014 05:00, 67.9, 60, 0.03, 98, 67, 1.4, 285, 0, 60, 
08/13/2014 04:00, 68.3, 60, 0.00, 98, 68, 0.9, 179, 0, 60, 
08/13/2014 03:00, 68.7, 60, 0.00, 99, 68, 0.9, 97, 0, 60, 
08/13/2014 02:00, 69.5, 60, 0.00, 98, 69, 1.5, 222, 0, 60, 
08/13/2014 01:00, 70.7, 43, 0.01, 99, 70, 2.0, 206, 0, 60, 
08/13/2014 00:00, 70.7, 0, 0.00, 98, 70, 1.5, 193, 0, 60, 
08/11/2014 23:00, 66.4, 60, 0.02, 99, 66, 1.5, 188, 0, 60, 
08/11/2014 22:00, 66.6, 60, 0.03, 98, 66, 0.9, 202, 0, 60, 
08/11/2014 21:00, 67.8, 60, 0.02, 98, 67, 1.1, 208, 0, 60, 
08/11/2014 20:00, 69.9, 22, 0.00, 89, 67, 3.6, 186, 0, 0, 
08/11/2014 19:00, 73.6, 0, 0.00, 76, 66, 1.3, 158, 2, 0, 
08/11/2014 18:00, 74.8, 0, 0.00, 70, 64, 2.3, 143, 8, 0, 
08/11/2014 17:00, 76.2, 0, 0.00, 61, 62, 2.4, 150, 28, 0, 
08/11/2014 16:00, 76.3, 0, 0.00, 60, 61, 2.7, 160, 33, 0, 
08/11/2014 15:00, 76.6, 0, 0.00, 55, 59, 3.9, 154, 49, 0, 
08/11/2014 14:00, 75.1, 0, 0.00, 68, 64, 4.6, 173, 40, 0, 
08/11/2014 13:00, 74.4, 0, 0.00, 69, 64, 3.7, 172, 38, 0, 
08/11/2014 12:00, 73.7, 0, 0.00, 72, 64, 4.7, 181, 46, 0, 
08/11/2014 11:00, 72.9, 0, 0.00, 75, 64, 3.3, 174, 48, 0, 
08/11/2014 10:00, 70.0, 0, 0.00, 86, 66, 1.8, 177, 29, 0, 
08/11/2014 09:00, 68.7, 0, 0.00, 88, 65, 1.0, 115, 22, 0, 
08/11/2014 08:00, 65.0, 0, 0.00, 98, 64, 0.2, 195, 15, 60, 
08/11/2014 07:00, 60.2, 0, 0.00, 97, 59, 0.0, 225, 3, 60, 
08/11/2014 06:00, 59.6, 0, 0.00, 97, 59, 0.0, 225, 0, 60, 
08/11/2014 05:00, 61.4, 0, 0.00, 97, 61, 1.3, 225, 0, 60, 
08/11/2014 04:00, 60.7, 0, 0.00, 97, 60, 0.3, 225, 0, 60, 
08/11/2014 03:00, 62.8, 0, 0.00, 97, 62, 0.9, 225, 0, 60, 
08/11/2014 02:00, 62.6, 0, 0.00, 97, 62, 0.3, 225, 0, 60, 
08/11/2014 01:00, 64.0, 0, 0.00, 95, 63, 0.2, 225, 0, 60, 
08/11/2014 00:00, 66.3, 0, 0.00, 85, 62, 0.6, 225, 0, 0, 
08/09/2014 23:00, 69.5, 0, 0.00, 88, 66, 0.5, 226, 0, 0, 
08/09/2014 22:00, 69.8, 0, 0.00, 84, 65, 1.0, 244, 0, 0, 
08/09/2014 21:00, 70.0, 0, 0.00, 84, 65, 0.8, 293, 0, 0, 
08/09/2014 20:00, 74.4, 0, 0.00, 72, 65, 0.4, 108, 4, 0, 
08/09/2014 19:00, 77.4, 0, 0.00, 64, 64, 2.3, 34, 15, 0, 
08/09/2014 18:00, 79.4, 0, 0.00, 58, 63, 2.8, 32, 30, 0, 
08/09/2014 17:00, 79.5, 0, 0.00, 58, 63, 2.4, 53, 30, 0, 
08/09/2014 16:00, 80.3, 0, 0.00, 55, 63, 1.5, 117, 55, 0, 
08/09/2014 15:00, 79.1, 0, 0.00, 61, 64, 1.6, 88, 39, 0, 
08/09/2014 14:00, 76.6, 0, 0.00, 65, 64, 2.0, 71, 40, 0, 
08/09/2014 13:00, 77.3, 0, 0.00, 65, 65, 2.2, 69, 68, 0, 
08/09/2014 12:00, 76.5, 0, 0.00, 64, 63, 2.0, 120, 65, 0, 
08/09/2014 11:00, 73.8, 0, 0.00, 66, 62, 1.9, 71, 51, 0, 
08/09/2014 10:00, 71.7, 0, 0.00, 70, 61, 1.2, 64, 35, 0, 
08/09/2014 09:00, 69.0, 0, 0.00, 83, 64, 0.6, 55, 20, 0, 
08/09/2014 08:00, 62.0, 0, 0.00, 97, 61, 1.0, 350, 8, 60, 
08/09/2014 07:00, 58.0, 0, 0.00, 97, 57, 0.4, 360, 1, 60, 
08/09/2014 06:00, 58.4, 0, 0.00, 97, 58, 0.6, 329, 0, 60, 
08/09/2014 05:00, 59.0, 0, 0.00, 93, 57, 0.3, 225, 0, 60, 
08/09/2014 04:00, 60.1, 0, 0.00, 91, 57, 0.9, 264, 0, 60, 
08/09/2014 03:00, 60.9, 0, 0.00, 92, 59, 0.3, 292, 0, 60, 
08/09/2014 02:00, 60.9, 0, 0.00, 90, 58, 1.0, 270, 0, 60, 
08/09/2014 01:00, 59.8, 0, 0.00, 94, 58, 0.4, 141, 0, 60, 
08/09/2014 00:00, 61.7, 0, 0.00, 84, 57, 0.6, 225, 0, 0, 
08/07/2014 23:00, 64.2, 0, 0.00, 90, 61, 0.8, 43, 0, 60, 
08/07/2014 22:00, 66.0, 0, 0.00, 84, 61, 0.9, 151, 0, 0, 
08/07/2014 21:00, 69.6, 0, 0.00, 71, 60, 1.8, 289, 0, 0, 
08/07/2014 20:00, 73.7, 0, 0.00, 59, 58, 1.5, 286, 6, 0, 
08/07/2014 19:00, 76.0, 0, 0.00, 58, 60, 2.4, 302, 18, 0, 
08/07/2014 18:00, 76.6, 0, 0.00, 55, 59, 3.4, 305, 29, 0, 
08/07/2014 17:00, 78.1, 0, 0.00, 54, 60, 3.1, 312, 41, 0, 
08/07/2014 16:00, 77.9, 0, 0.00, 53, 59, 4.1, 332, 53, 0, 
08/07/2014 15:00, 77.7, 0, 0.00, 52, 59, 5.2, 324, 66, 0, 
08/07/2014 14:00, 77.6, 0, 0.00, 50, 57, 4.7, 335, 71, 0, 
08/07/2014 13:00, 76.8, 0, 0.00, 50, 57, 3.7, 342, 72, 0, 
08/07/2014 12:00, 75.4, 0, 0.00, 57, 59, 5.1, 89, 66, 0, 
08/07/2014 11:00, 74.8, 0, 0.00, 57, 59, 4.7, 258, 59, 0, 
08/07/2014 10:00, 73.9, 0, 0.00, 57, 58, 4.2, 350, 44, 0, 
08/07/2014 09:00, 71.0, 0, 0.00, 66, 59, 4.6, 348, 28, 0, 
08/07/2014 08:00, 68.7, 0, 0.00, 73, 60, 2.2, 19, 13, 0, 
08/07/2014 07:00, 64.1, 0, 0.00, 86, 60, 1.5, 189, 2, 0, 
08/07/2014 06:00, 63.2, 0, 0.00, 87, 59, 2.2, 264, 0, 0, 
08/07/2014 05:00, 64.5, 0, 0.00, 83, 59, 1.8, 167, 0, 0, 
08/07/2014 04:00, 65.1, 0, 0.00, 87, 61, 1.5, 337, 0, 0, 
08/07/2014 03:00, 64.7, 0, 0.00, 93, 63, 1.6, 316, 0, 60, 
08/07/2014 02:00, 63.9, 0, 0.00, 97, 63, 0.7, 284, 0, 60, 
08/07/2014 01:00, 65.1, 0, 0.00, 97, 64, 0.6, 176, 0, 60, 
08/07/2014 00:00, 66.7, 0, 0.00, 93, 65, 1.5, 185, 0, 60, 
08/05/2014 23:00, 65.5, 60, 0.00, 98, 65, 1.9, 227, 0, 60, 
08/05/2014 22:00, 65.9, 52, 0.33, 98, 65, 5.3, 235, 0, 60, 
08/05/2014 21:00, 73.9, 0, 0.00, 79, 67, 2.1, 241, 0, 0, 
08/05/2014 20:00, 77.6, 0, 0.00, 76, 69, 0.5, 168, 5, 0, 
08/05/2014 19:00, 82.9, 0, 0.00, 55, 65, 1.0, 151, 20, 0, 
08/05/2014 18:00, 85.5, 0, 0.00, 58, 69, 1.5, 232, 36, 0, 
08/05/2014 17:00, 84.7, 0, 0.00, 53, 66, 1.8, 175, 53, 0, 
08/05/2014 16:00, 85.1, 0, 0.00, 51, 65, 1.6, 203, 63, 0, 
08/05/2014 15:00, 83.9, 0, 0.00, 49, 63, 2.2, 137, 71, 0, 
08/05/2014 14:00, 83.0, 0, 0.00, 54, 65, 1.6, 169, 75, 0, 
08/05/2014 13:00, 81.7, 0, 0.00, 55, 64, 2.3, 113, 76, 0, 
08/05/2014 12:00, 81.1, 0, 0.00, 59, 65, 1.9, 96, 69, 0, 
08/05/2014 11:00, 78.9, 0, 0.00, 65, 66, 1.2, 120, 58, 0, 
08/05/2014 10:00, 77.4, 0, 0.00, 87, 73, 0.7, 116, 43, 0, 
08/05/2014 09:00, 71.2, 0, 0.00, 96, 70, 0.7, 219, 27, 60, 
08/05/2014 08:00, 65.3, 0, 0.00, 98, 65, 0.0, 292, 13, 60, 
08/05/2014 07:00, 60.4, 0, 0.00, 97, 60, 0.3, 292, 2, 60, 
08/05/2014 06:00, 60.2, 0, 0.00, 97, 59, 0.4, 292, 0, 60, 
08/05/2014 05:00, 59.6, 0, 0.00, 98, 59, 0.3, 275, 0, 60, 
08/05/2014 04:00, 60.4, 0, 0.00, 97, 60, 1.1, 222, 0, 60, 
08/05/2014 03:00, 61.2, 0, 0.00, 98, 61, 0.4, 282, 0, 60, 
08/05/2014 02:00, 61.3, 0, 0.00, 97, 60, 0.4, 295, 0, 60, 
08/05/2014 01:00, 62.3, 0, 0.00, 97, 61, 0.3, 301, 0, 60, 
08/05/2014 00:00, 62.9, 0, 0.00, 98, 62, 0.6, 304, 0, 60, 
08/03/2014 23:00, 62.4, 58, 0.01, 97, 62, 0.7, 271, 0, 60, 
08/03/2014 22:00, 63.3, 53, 0.00, 98, 63, 1.6, 228, 0, 60, 
08/03/2014 21:00, 63.4, 57, 0.05, 97, 63, 1.4, 206, 0, 60, 
08/03/2014 20:00, 63.8, 42, 0.60, 98, 63, 3.9, 243, 1, 60, 
08/03/2014 19:00, 67.7, 0, 0.00, 98, 67, 1.5, 70, 7, 60, 
08/03/2014 18:00, 69.6, 4, 0.00, 95, 68, 2.5, 115, 35, 60, 
08/03/2014 17:00, 65.5, 38, 0.73, 98, 65, 3.2, 140, 12, 60, 
08/03/2014 16:00, 73.2, 0, 0.00, 82, 67, 2.8, 85, 14, 0, 
08/03/2014 15:00, 74.6, 0, 0.00, 81, 68, 2.3, 145, 39, 0, 
08/03/2014 14:00, 72.7, 0, 0.00, 86, 68, 2.6, 176, 29, 0, 
08/03/2014 13:00, 71.6, 3, 0.00, 88, 68, 1.4, 130, 25, 0, 
08/03/2014 12:00, 69.2, 36, 0.00, 96, 68, 2.2, 120, 19, 60, 
08/03/2014 11:00, 68.9, 60, 0.01, 98, 68, 2.7, 81, 23, 60, 
08/03/2014 10:00, 68.5, 60, 0.00, 99, 68, 2.2, 88, 17, 60, 
08/03/2014 09:00, 67.9, 60, 0.00, 99, 68, 2.2, 87, 12, 60, 
08/03/2014 08:00, 67.4, 60, 0.00, 98, 67, 1.0, 123, 4, 60, 
08/03/2014 07:00, 66.6, 60, 0.01, 98, 66, 0.9, 246, 0, 60, 
08/03/2014 06:00, 66.6, 60, 0.01, 98, 66, 1.3, 202, 0, 60, 
08/03/2014 05:00, 66.6, 57, 0.00, 99, 66, 0.9, 192, 0, 60, 
08/03/2014 04:00, 66.9, 0, 0.00, 98, 66, 1.6, 128, 0, 60, 
08/03/2014 03:00, 67.3, 0, 0.00, 98, 67, 1.3, 99, 0, 60, 
08/03/2014 02:00, 68.1, 0, 0.00, 98, 68, 1.5, 122, 0, 60, 
08/03/2014 01:00, 69.3, 0, 0.00, 98, 69, 0.8, 100, 0, 60, 
08/03/2014 00:00, 68.4, 0, 0.00, 98, 68, 0.0, 106, 0, 60, 
08/01/2014 23:00, 67.5, 0, 0.00, 98, 67, 0.0, 340, 0, 60, 
08/01/2014 22:00, 68.4, 0, 0.00, 92, 66, 0.8, 194, 0, 60, 
08/01/2014 21:00, 70.3, 0, 0.00, 83, 65, 1.2, 176, 0, 0, 
08/01/2014 20:00, 72.4, 0, 0.00, 79, 66, 1.8, 165, 5, 0, 
08/01/2014 19:00, 73.8, 0, 0.00, 74, 65, 3.4, 184, 11, 0, 
08/01/2014 18:00, 74.0, 0, 0.00, 70, 64, 4.3, 193, 14, 0, 
08/01/2014 17:00, 75.2, 0, 0.00, 68, 64, 5.3, 191, 23, 0, 
08/01/2014 16:00, 75.0, 2, 0.00, 72, 65, 4.1, 147, 26, 0, 
08/01/2014 15:00, 71.9, 59, 0.01, 92, 69, 3.0, 146, 24, 60, 
08/01/2014 14:00, 71.0, 30, 0.04, 89, 68, 5.3, 223, 14, 60, 
08/01/2014 13:00, 77.9, 0, 0.00, 74, 69, 2.8, 178, 42, 0, 
08/01/2014 12:00, 78.1, 0, 0.00, 75, 70, 2.3, 142, 57, 0, 
08/01/2014 11:00, 74.5, 0, 0.00, 83, 69, 2.5, 170, 40, 0, 
08/01/2014 10:00, 72.7, 0, 0.00, 87, 69, 1.8, 170, 31, 0, 
08/01/2014 09:00, 69.5, 0, 0.00, 92, 67, 0.8, 114, 20, 60, 
08/01/2014 08:00, 65.3, 0, 0.00, 98, 65, 0.8, 344, 9, 60, 
08/01/2014 07:00, 62.5, 0, 0.00, 98, 62, 0.0, 292, 1, 60, 
08/01/2014 06:00, 61.6, 0, 0.00, 98, 61, 0.2, 315, 0, 60, 
08/01/2014 05:00, 61.8, 0, 0.00, 98, 61, 1.0, 254, 0, 60, 
08/01/2014 04:00, 61.2, 0, 0.00, 97, 60, 0.2, 197, 0, 60, 
08/01/2014 03:00, 62.6, 0, 0.00, 97, 62, 0.1, 225, 0, 60, 
08/01/2014 02:00, 63.3, 0, 0.00, 97, 62, 0.2, 225, 0, 60, 
08/01/2014 01:00, 64.5, 0, 0.00, 97, 64, 0.8, 216, 0, 60, 
08/01/2014 00:00, 64.0, 0, 0.00, 97, 63, 0.5, 191, 0, 60, 
08/30/2014 23:00, 72.1, 0, 0.00, 95, 71, 1.5, 203, 0, 60, 
08/30/2014 22:00, 72.9, 0, 0.00, 92, 70, 1.0, 156, 0, 60, 
08/30/2014 21:00, 74.2, 0, 0.00, 89, 71, 1.0, 164, 0, 0, 
08/30/2014 20:00, 75.0, 0, 0.00, 87, 71, 1.3, 168, 0, 0, 
08/30/2014 19:00, 76.3, 0, 0.00, 82, 70, 2.1, 169, 7, 0, 
08/30/2014 18:00, 76.7, 0, 0.00, 79, 70, 3.6, 182, 13, 0, 
08/30/2014 17:00, 76.5, 0, 0.00, 81, 70, 3.3, 189, 14, 0, 
08/30/2014 16:00, 76.4, 0, 0.00, 80, 70, 4.0, 192, 21, 0, 
08/30/2014 15:00, 75.5, 0, 0.00, 79, 69, 4.7, 187, 30, 0, 
08/30/2014 14:00, 74.9, 0, 0.00, 79, 68, 5.5, 186, 37, 0, 
08/30/2014 13:00, 72.2, 0, 0.00, 84, 67, 5.6, 185, 27, 0, 
08/30/2014 12:00, 71.4, 0, 0.00, 84, 66, 5.1, 184, 25, 0, 
08/30/2014 11:00, 69.8, 0, 0.00, 87, 66, 4.7, 185, 28, 0, 
08/30/2014 10:00, 67.6, 0, 0.00, 92, 65, 3.0, 188, 21, 60, 
08/30/2014 09:00, 65.2, 0, 0.00, 96, 64, 1.9, 191, 9, 60, 
08/30/2014 08:00, 63.3, 0, 0.00, 97, 62, 0.8, 157, 2, 60, 
08/30/2014 07:00, 62.4, 0, 0.00, 97, 62, 0.5, 135, 0, 60, 
08/30/2014 06:00, 62.0, 0, 0.00, 97, 61, 0.2, 227, 0, 60, 
08/30/2014 05:00, 61.4, 0, 0.00, 97, 61, 0.0, 247, 0, 60, 
08/30/2014 04:00, 60.9, 0, 0.00, 96, 60, 0.0, 231, 0, 60, 
08/30/2014 03:00, 59.0, 0, 0.00, 98, 58, 0.0, 225, 0, 60, 
08/30/2014 02:00, 59.1, 0, 0.00, 97, 58, 1.1, 212, 0, 60, 
08/30/2014 01:00, 57.3, 0, 0.00, 97, 56, 0.6, 202, 0, 60, 
08/30/2014 00:00, 56.9, 0, 0.00, 96, 56, 0.0, 202, 0, 60, 
08/28/2014 23:00, 60.0, 0, 0.00, 91, 57, 1.3, 31, 0, 60, 
08/28/2014 22:00, 63.1, 0, 0.00, 80, 57, 1.0, 220, 0, 0, 
08/28/2014 21:00, 65.6, 0, 0.00, 72, 56, 2.0, 249, 0, 0, 
08/28/2014 20:00, 68.2, 0, 0.00, 67, 57, 1.8, 288, 1, 0, 
08/28/2014 19:00, 73.2, 0, 0.00, 55, 56, 2.8, 337, 16, 0, 
08/28/2014 18:00, 75.0, 0, 0.00, 49, 55, 5.3, 350, 33, 0, 
08/28/2014 17:00, 76.2, 0, 0.00, 49, 56, 5.8, 351, 48, 0, 
08/28/2014 16:00, 76.1, 0, 0.00, 48, 55, 6.2, 332, 62, 0, 
08/28/2014 15:00, 75.9, 0, 0.00, 51, 56, 5.9, 325, 72, 0, 
08/28/2014 14:00, 75.7, 0, 0.00, 54, 58, 5.6, 331, 70, 0, 
08/28/2014 13:00, 74.8, 0, 0.00, 58, 59, 6.6, 327, 74, 0, 
08/28/2014 12:00, 73.7, 0, 0.00, 58, 58, 6.9, 340, 66, 0, 
08/28/2014 11:00, 73.1, 0, 0.00, 64, 60, 5.5, 328, 57, 0, 
08/28/2014 10:00, 71.6, 0, 0.00, 70, 61, 4.7, 342, 40, 0, 
08/28/2014 09:00, 70.6, 0, 0.00, 75, 62, 3.9, 347, 26, 0, 
08/28/2014 08:00, 68.8, 0, 0.00, 89, 65, 0.9, 90, 10, 0, 
08/28/2014 07:00, 64.8, 0, 0.00, 98, 64, 0.9, 127, 0, 60, 
08/28/2014 06:00, 67.0, 0, 0.00, 98, 66, 1.0, 62, 0, 60, 
08/28/2014 05:00, 69.0, 0, 0.00, 91, 66, 1.7, 181, 0, 60, 
08/28/2014 04:00, 70.4, 0, 0.00, 90, 67, 1.2, 34, 0, 60, 
08/28/2014 03:00, 71.5, 0, 0.00, 93, 69, 1.9, 195, 0, 60, 
08/28/2014 02:00, 73.6, 0, 0.00, 88, 70, 2.3, 42, 0, 0, 
08/28/2014 01:00, 76.3, 0, 0.00, 78, 69, 4.1, 234, 0, 0, 
08/28/2014 00:00, 76.5, 0, 0.00, 80, 70, 1.9, 217, 0, 0, 
08/26/2014 23:00, 65.0, 0, 0.00, 97, 64, 0.8, 260, 0, 60, 
08/26/2014 22:00, 65.8, 0, 0.00, 97, 65, 0.3, 264, 0, 60, 
08/26/2014 21:00, 68.6, 0, 0.00, 89, 65, 0.8, 226, 0, 0, 
08/26/2014 20:00, 72.6, 0, 0.00, 76, 65, 1.6, 236, 2, 0, 
08/26/2014 19:00, 78.5, 0, 0.00, 59, 63, 2.4, 217, 17, 0, 
08/26/2014 18:00, 81.2, 0, 0.00, 54, 63, 2.5, 193, 33, 0, 
08/26/2014 17:00, 82.8, 0, 0.00, 48, 61, 2.1, 188, 48, 0, 
08/26/2014 16:00, 81.8, 0, 0.00, 48, 60, 2.3, 206, 61, 0, 
08/26/2014 15:00, 81.2, 0, 0.00, 52, 62, 2.6, 201, 71, 0, 
08/26/2014 14:00, 80.2, 0, 0.00, 55, 63, 2.3, 180, 72, 0, 
08/26/2014 13:00, 79.6, 0, 0.00, 58, 63, 2.0, 209, 73, 0, 
08/26/2014 12:00, 78.8, 0, 0.00, 60, 64, 1.6, 174, 66, 0, 
08/26/2014 11:00, 77.4, 0, 0.00, 68, 66, 1.5, 147, 54, 0, 
08/26/2014 10:00, 74.5, 0, 0.00, 76, 66, 1.0, 80, 41, 0, 
08/26/2014 09:00, 69.5, 0, 0.00, 94, 68, 0.6, 39, 26, 60, 
08/26/2014 08:00, 62.5, 0, 0.00, 98, 62, 0.1, 194, 12, 60, 
08/26/2014 07:00, 58.4, 0, 0.00, 97, 58, 0.5, 225, 1, 60, 
08/26/2014 06:00, 58.3, 0, 0.00, 98, 58, 0.2, 225, 0, 60, 
08/26/2014 05:00, 58.2, 0, 0.00, 97, 57, 0.1, 271, 0, 60, 
08/26/2014 04:00, 58.6, 0, 0.00, 98, 58, 0.0, 315, 0, 60, 
08/26/2014 03:00, 58.7, 0, 0.00, 98, 58, 0.1, 315, 0, 60, 
08/26/2014 02:00, 59.1, 0, 0.00, 98, 59, 0.3, 315, 0, 60, 
08/26/2014 01:00, 60.0, 0, 0.00, 98, 59, 0.1, 315, 0, 60, 
08/26/2014 00:00, 60.5, 0, 0.00, 97, 60, 0.1, 72, 0, 60, 
08/24/2014 23:00, 61.2, 0, 0.00, 97, 60, 0.4, 309, 0, 60, 
08/24/2014 22:00, 61.4, 0, 0.00, 97, 61, 0.1, 337, 0, 60, 
08/24/2014 21:00, 63.2, 0, 0.00, 93, 61, 0.8, 256, 0, 60, 
08/24/2014 20:00, 67.7, 0, 0.00, 83, 62, 1.3, 243, 2, 0, 
08/24/2014 19:00, 72.7, 0, 0.00, 74, 64, 1.4, 234, 10, 0, 
08/24/2014 18:00, 74.3, 0, 0.00, 77, 67, 1.6, 80, 28, 0, 
08/24/2014 17:00, 76.6, 0, 0.00, 64, 63, 1.3, 65, 35, 0, 
08/24/2014 16:00, 76.2, 0, 0.00, 60, 61, 2.4, 118, 40, 0, 
08/24/2014 15:00, 74.2, 0, 0.00, 62, 60, 2.6, 60, 47, 0, 
08/24/2014 14:00, 73.7, 0, 0.00, 65, 61, 2.8, 51, 53, 0, 
08/24/2014 13:00, 74.3, 0, 0.00, 68, 63, 2.2, 51, 68, 0, 
08/24/2014 12:00, 70.9, 0, 0.00, 77, 63, 2.5, 64, 40, 0, 
08/24/2014 11:00, 70.6, 0, 0.00, 81, 64, 2.6, 139, 51, 0, 
08/24/2014 10:00, 68.8, 0, 0.00, 89, 65, 2.0, 38, 34, 0, 
08/24/2014 09:00, 65.9, 0, 0.00, 98, 65, 2.6, 24, 23, 60, 
08/24/2014 08:00, 64.3, 22, 0.00, 98, 64, 1.6, 254, 11, 60, 
08/24/2014 07:00, 62.0, 60, 0.00, 98, 61, 1.5, 333, 1, 60, 
08/24/2014 06:00, 62.1, 60, 0.00, 98, 62, 1.5, 183, 0, 60, 
08/24/2014 05:00, 62.4, 60, 0.00, 97, 62, 1.3, 176, 0, 60, 
08/24/2014 04:00, 62.9, 60, 0.00, 98, 62, 1.3, 334, 0, 60, 
08/24/2014 03:00, 62.9, 60, 0.00, 98, 62, 1.4, 116, 0, 60, 
08/24/2014 02:00, 63.4, 60, 0.00, 98, 63, 0.2, 279, 0, 60, 
08/24/2014 01:00, 63.4, 60, 0.01, 98, 63, 0.3, 281, 0, 60, 
08/24/2014 00:00, 63.7, 60, 0.00, 97, 63, 1.7, 43, 0, 60, 
08/22/2014 23:00, 69.6, 0, 0.00, 98, 69, 0.4, 129, 0, 60, 
08/22/2014 22:00, 70.5, 0, 0.00, 98, 70, 0.8, 174, 0, 60, 
08/22/2014 21:00, 70.5, 0, 0.00, 99, 70, 0.4, 243, 0, 60, 
08/22/2014 20:00, 72.1, 0, 0.00, 98, 72, 0.3, 98, 1, 60, 
08/22/2014 19:00, 73.7, 0, 0.00, 94, 72, 1.1, 116, 6, 60, 
08/22/2014 18:00, 75.9, 0, 0.00, 86, 71, 1.5, 107, 25, 0, 
08/22/2014 17:00, 75.3, 0, 0.00, 86, 71, 1.1, 94, 25, 0, 
08/22/2014 16:00, 74.4, 26, 0.00, 94, 73, 0.7, 131, 20, 60, 
08/22/2014 15:00, 73.0, 60, 0.01, 98, 72, 0.6, 90, 13, 60, 
08/22/2014 14:00, 73.2, 49, 0.01, 94, 71, 1.2, 123, 17, 60, 
08/22/2014 13:00, 74.0, 0, 0.00, 92, 72, 2.0, 90, 23, 60, 
08/22/2014 12:00, 74.9, 0, 0.00, 89, 71, 2.2, 60, 40, 0, 
08/22/2014 11:00, 74.1, 0, 0.00, 92, 72, 1.0, 88, 36, 60, 
08/22/2014 10:00, 71.0, 3, 0.00, 98, 70, 0.8, 196, 19, 60, 
08/22/2014 09:00, 68.3, 55, 0.00, 98, 68, 0.5, 202, 5, 60, 
08/22/2014 08:00, 66.5, 60, 0.00, 99, 66, 0.4, 213, 3, 60, 
08/22/2014 07:00, 64.2, 60, 0.00, 98, 64, 1.0, 175, 0, 60, 
08/22/2014 06:00, 63.9, 60, 0.00, 97, 63, 0.8, 242, 0, 60, 
08/22/2014 05:00, 64.3, 60, 0.00, 97, 63, 0.6, 307, 0, 60, 
08/22/2014 04:00, 64.9, 60, 0.00, 97, 64, 0.4, 125, 0, 60, 
08/22/2014 03:00, 65.6, 60, 0.00, 97, 65, 0.5, 262, 0, 60, 
08/22/2014 02:00, 65.8, 60, 0.00, 98, 65, 0.5, 201, 0, 60, 
08/22/2014 01:00, 66.8, 60, 0.01, 98, 66, 0.1, 315, 0, 60, 
08/22/2014 00:00, 66.6, 60, 0.00, 98, 66, 0.4, 279, 0, 60, 
08/20/2014 23:00, 66.7, 0, 0.00, 98, 66, 0.3, 269, 0, 60, 
08/20/2014 22:00, 68.3, 0, 0.00, 98, 68, 1.0, 211, 0, 60, 
08/20/2014 21:00, 68.8, 0, 0.00, 98, 68, 0.6, 190, 0, 60, 
08/20/2014 20:00, 72.5, 0, 0.01, 90, 69, 2.1, 178, 2, 60, 
08/20/2014 19:00, 74.9, 0, 0.00, 82, 69, 2.0, 174, 10, 0, 
08/20/2014 18:00, 76.3, 1, 0.00, 81, 70, 2.4, 197, 30, 0, 
08/20/2014 17:00, 73.8, 51, 0.00, 89, 70, 2.9, 186, 19, 0, 
08/20/2014 16:00, 71.8, 60, 0.08, 98, 71, 0.6, 169, 3, 60, 
08/20/2014 15:00, 75.7, 25, 0.00, 79, 69, 2.8, 174, 8, 0, 
08/20/2014 14:00, 78.1, 0, 0.00, 74, 69, 4.4, 164, 40, 0, 
08/20/2014 13:00, 76.5, 0, 0.00, 80, 70, 4.8, 182, 38, 0, 
08/20/2014 12:00, 74.7, 0, 0.00, 85, 70, 4.2, 176, 22, 0, 
08/20/2014 11:00, 72.7, 0, 0.00, 91, 70, 3.8, 180, 21, 60, 
08/20/2014 10:00, 71.5, 0, 0.00, 91, 69, 2.6, 176, 17, 60, 
08/20/2014 09:00, 70.4, 0, 0.00, 92, 68, 2.2, 181, 11, 60, 
08/20/2014 08:00, 68.8, 0, 0.00, 98, 68, 1.6, 191, 3, 60, 
08/20/2014 07:00, 68.2, 0, 0.00, 98, 68, 0.8, 149, 0, 60, 
08/20/2014 06:00, 67.6, 0, 0.00, 98, 67, 0.4, 143, 0, 60, 
08/20/2014 05:00, 67.5, 0, 0.00, 98, 67, 0.1, 179, 0, 60, 
08/20/2014 04:00, 67.2, 0, 0.00, 99, 67, 0.1, 90, 0, 60, 
08/20/2014 03:00, 67.8, 0, 0.00, 98, 67, 0.3, 160, 0, 60, 
08/20/2014 02:00, 68.8, 0, 0.00, 95, 67, 1.2, 217, 0, 60, 
08/20/2014 01:00, 70.8, 0, 0.00, 91, 68, 1.4, 190, 0, 60, 
08/20/2014 00:00, 71.0, 0, 0.00, 93, 69, 0.9, 187, 0, 60, 
08/18/2014 23:00, 67.3, 0, 0.00, 96, 66, 0.6, 226, 0, 60, 
08/18/2014 22:00, 69.4, 0, 0.00, 91, 67, 0.9, 235, 0, 60, 
08/18/2014 21:00, 71.3, 0, 0.00, 90, 68, 0.2, 119, 0, 60, 
08/18/2014 20:00, 75.0, 0, 0.00, 72, 65, 0.4, 124, 3, 0, 
08/18/2014 19:00, 76.4, 0, 0.00, 70, 66, 1.0, 167, 6, 0, 
08/18/2014 18:00, 77.9, 0, 0.00, 67, 66, 0.9, 161, 15, 0, 
08/18/2014 17:00, 77.9, 0, 0.00, 64, 65, 2.3, 188, 27, 0, 
08/18/2014 16:00, 79.9, 0, 0.00, 61, 65, 2.8, 162, 64, 0, 
08/18/2014 15:00, 77.6, 0, 0.00, 63, 64, 2.5, 206, 40, 0, 
08/18/2014 14:00, 78.3, 0, 0.00, 60, 63, 2.5, 188, 61, 0, 
08/18/2014 13:00, 76.9, 0, 0.00, 61, 62, 2.8, 179, 70, 0, 
08/18/2014 12:00, 76.0, 0, 0.00, 60, 61, 2.2, 149, 67, 0, 
08/18/2014 11:00, 74.3, 0, 0.00, 63, 61, 2.0, 106, 53, 0, 
08/18/2014 10:00, 72.0, 0, 0.00, 69, 61, 1.5, 88, 41, 0, 
08/18/2014 09:00, 70.9, 0, 0.00, 78, 64, 1.5, 14, 27, 0, 
08/18/2014 08:00, 64.7, 0, 0.00, 92, 62, 0.6, 323, 11, 60, 
08/18/2014 07:00, 57.5, 0, 0.00, 97, 57, 0.3, 269, 1, 60, 
08/18/2014 06:00, 57.9, 0, 0.00, 97, 57, 1.1, 207, 0, 60, 
08/18/2014 05:00, 57.2, 0, 0.00, 97, 56, 0.3, 122, 0, 60, 
08/18/2014 04:00, 58.7, 0, 0.00, 98, 58, 1.2, 216, 0, 60, 
08/18/2014 03:00, 59.2, 0, 0.00, 97, 58, 0.8, 202, 0, 60, 
08/18/2014 02:00, 60.4, 0, 0.00, 96, 59, 0.9, 221, 0, 60, 
08/18/2014 01:00, 61.1, 0, 0.00, 95, 60, 0.5, 282, 0, 60, 
08/18/2014 00:00, 62.0, 0, 0.00, 92, 60, 0.5, 225, 0, 60, 
08/16/2014 23:00, 62.6, 0, 0.00, 86, 58, 1.3, 185, 0, 0, 
08/16/2014 22:00, 64.9, 0, 0.00, 75, 57, 1.4, 231, 0, 0, 
08/16/2014 21:00, 66.5, 0, 0.00, 74, 58, 1.5, 215, 0, 0, 
08/16/2014 20:00, 69.9, 0, 0.00, 68, 59, 1.8, 206, 4, 0, 
08/16/2014 19:00, 75.2, 0, 0.00, 52, 56, 3.1, 203, 19, 0, 
08/16/2014 18:00, 76.5, 0, 0.00, 48, 55, 4.2, 201, 36, 0, 
08/16/2014 17:00, 76.3, 0, 0.00, 47, 55, 4.2, 200, 51, 0, 
08/16/2014 16:00, 75.6, 0, 0.00, 45, 53, 4.3, 206, 64, 0, 
08/16/2014 15:00, 74.6, 0, 0.00, 45, 52, 5.2, 203, 73, 0, 
08/16/2014 14:00, 73.7, 0, 0.00, 49, 53, 4.5, 217, 69, 0, 
08/16/2014 13:00, 72.5, 0, 0.00, 47, 51, 4.0, 237, 66, 0, 
08/16/2014 12:00, 72.6, 0, 0.00, 46, 51, 3.4, 227, 67, 0, 
08/16/2014 11:00, 71.5, 0, 0.00, 59, 56, 2.7, 208, 58, 0, 
08/16/2014 10:00, 68.5, 0, 0.00, 71, 59, 1.6, 164, 41, 0, 
08/16/2014 09:00, 61.5, 0, 0.00, 93, 59, 0.5, 166, 21, 60, 
08/16/2014 08:00, 55.3, 0, 0.00, 96, 54, 0.2, 311, 10, 60, 
08/16/2014 07:00, 50.5, 0, 0.00, 97, 50, 0.8, 202, 1, 60, 
08/16/2014 06:00, 50.1, 0, 0.00, 96, 49, 1.0, 202, 0, 60, 
08/16/2014 05:00, 50.7, 0, 0.00, 96, 50, 0.8, 268, 0, 60, 
08/16/2014 04:00, 51.1, 0, 0.00, 97, 50, 0.5, 278, 0, 60, 
08/16/2014 03:00, 51.8, 0, 0.00, 96, 51, 0.8, 345, 0, 60, 
08/16/2014 02:00, 53.1, 0, 0.00, 96, 52, 1.1, 245, 0, 60, 
08/16/2014 01:00, 53.9, 0, 0.00, 96, 53, 0.7, 225, 0, 60, 
08/16/2014 00:00, 55.2, 0, 0.00, 95, 54, 0.4, 242, 0, 60, 
08/14/2014 23:00, 64.1, 0, 0.00, 58, 49, 2.4, 289, 0, 0, 
08/14/2014 22:00, 65.6, 0, 0.00, 53, 48, 2.5, 251, 0, 0, 
08/14/2014 21:00, 65.3, 0, 0.00, 55, 49, 2.2, 247, 0, 0, 
08/14/2014 20:00, 69.8, 0, 0.00, 45, 47, 3.1, 264, 5, 0, 
08/14/2014 19:00, 73.9, 0, 0.00, 43, 50, 4.6, 271, 20, 0, 
08/14/2014 18:00, 75.7, 0, 0.00, 42, 51, 5.2, 275, 36, 0, 
08/14/2014 17:00, 74.4, 0, 0.00, 51, 55, 5.1, 264, 26, 0, 
08/14/2014 16:00, 76.0, 0, 0.00, 51, 57, 4.2, 246, 38, 0, 
08/14/2014 15:00, 74.7, 0, 0.00, 58, 59, 3.8, 233, 49, 0, 
08/14/2014 14:00, 73.6, 0, 0.00, 60, 59, 4.5, 235, 64, 0, 
08/14/2014 13:00, 72.4, 0, 0.00, 64, 60, 3.8, 225, 47, 0, 
08/14/2014 12:00, 70.8, 0, 0.00, 60, 56, 4.5, 192, 52, 0, 
08/14/2014 11:00, 70.4, 0, 0.00, 58, 55, 3.1, 180, 54, 0, 
08/14/2014 10:00, 68.7, 0, 0.00, 62, 55, 1.8, 166, 44, 0, 
08/14/2014 09:00, 64.4, 0, 0.00, 70, 54, 1.6, 183, 26, 0, 
08/14/2014 08:00, 60.2, 0, 0.00, 77, 53, 1.9, 167, 13, 0, 
08/14/2014 07:00, 55.1, 0, 0.00, 89, 52, 2.0, 205, 2, 0, 
08/14/2014 06:00, 54.2, 0, 0.00, 92, 52, 1.6, 213, 0, 60, 
08/14/2014 05:00, 57.4, 0, 0.00, 81, 52, 1.8, 225, 0, 0, 
08/14/2014 04:00, 59.0, 0, 0.00, 76, 51, 2.0, 226, 0, 0, 
08/14/2014 03:00, 61.2, 0, 0.00, 72, 52, 2.3, 237, 0, 0, 
08/14/2014 02:00, 63.5, 0, 0.00, 66, 52, 2.3, 270, 0, 0, 
08/14/2014 01:00, 65.4, 0, 0.00, 63, 52, 3.3, 289, 0, 0, 
08/14/2014 00:00, 66.4, 0, 0.00, 62, 53, 3.8, 296, 0, 0, 
08/12/2014 23:00, 70.7, 0, 0.00, 98, 70, 1.0, 172, 0, 60, 
08/12/2014 22:00, 71.0, 0, 0.00, 98, 70, 1.4, 133, 0, 60, 
08/12/2014 21:00, 70.9, 28, 0.00, 98, 70, 0.9, 133, 0, 60, 
08/12/2014 20:00, 71.1, 29, 0.00, 98, 71, 1.2, 102, 3, 60, 
08/12/2014 19:00, 71.1, 34, 0.00, 98, 71, 0.9, 112, 6, 60, 
08/12/2014 18:00, 70.4, 50, 0.09, 99, 70, 1.1, 104, 5, 60, 
08/12/2014 17:00, 70.1, 54, 0.06, 98, 70, 2.0, 138, 6, 60, 
08/12/2014 16:00, 69.9, 52, 0.12, 98, 69, 2.2, 137, 11, 60, 
08/12/2014 15:00, 69.5, 57, 0.06, 98, 69, 2.8, 139, 14, 60, 
08/12/2014 14:00, 68.5, 57, 0.03, 98, 68, 1.4, 146, 10, 60, 
08/12/2014 13:00, 66.5, 55, 0.04, 98, 66, 1.3, 98, 8, 60, 
08/12/2014 12:00, 65.9, 53, 0.00, 98, 65, 0.6, 71, 10, 60, 
08/12/2014 11:00, 64.6, 53, 0.05, 98, 64, 0.8, 103, 10, 60, 
08/12/2014 10:00, 64.0, 53, 0.16, 97, 63, 1.4, 209, 6, 60, 
08/12/2014 09:00, 65.2, 50, 0.06, 97, 64, 5.2, 191, 2, 60, 
08/12/2014 08:00, 67.2, 57, 0.08, 99, 67, 3.2, 180, 2, 60, 
08/12/2014 07:00, 67.2, 57, 0.01, 99, 67, 2.5, 184, 0, 60, 
08/12/2014 06:00, 67.2, 58, 0.01, 98, 67, 2.7, 168, 0, 60, 
08/12/2014 05:00, 65.8, 60, 0.00, 98, 65, 1.9, 164, 0, 60, 
08/12/2014 04:00, 64.7, 57, 0.05, 97, 64, 1.6, 116, 0, 60, 
08/12/2014 03:00, 64.8, 56, 0.11, 98, 64, 1.6, 123, 0, 60, 
08/12/2014 02:00, 65.5, 55, 0.11, 97, 65, 1.0, 147, 0, 60, 
08/12/2014 01:00, 65.8, 60, 0.04, 97, 65, 0.3, 173, 0, 60, 
08/12/2014 00:00, 65.9, 60, 0.06, 98, 65, 1.7, 183, 0, 60, 
08/10/2014 23:00, 69.2, 0, 0.00, 74, 61, 1.2, 225, 0, 0, 
08/10/2014 22:00, 69.0, 0, 0.00, 80, 63, 1.1, 225, 0, 0, 
08/10/2014 21:00, 73.0, 0, 0.00, 69, 62, 1.2, 214, 0, 0, 
08/10/2014 20:00, 76.0, 0, 0.00, 64, 63, 0.8, 171, 4, 0, 
08/10/2014 19:00, 79.1, 0, 0.00, 59, 64, 1.4, 158, 16, 0, 
08/10/2014 18:00, 80.7, 0, 0.00, 53, 62, 1.9, 135, 30, 0, 
08/10/2014 17:00, 81.3, 0, 0.00, 55, 64, 2.5, 141, 50, 0, 
08/10/2014 16:00, 81.8, 0, 0.00, 53, 63, 2.7, 150, 48, 0, 
08/10/2014 15:00, 80.9, 0, 0.00, 54, 63, 2.8, 134, 66, 0, 
08/10/2014 14:00, 80.5, 0, 0.00, 53, 62, 2.2, 151, 62, 0, 
08/10/2014 13:00, 80.1, 0, 0.00, 57, 63, 2.3, 158, 68, 0, 
08/10/2014 12:00, 78.5, 0, 0.00, 64, 65, 2.1, 146, 69, 0, 
08/10/2014 11:00, 76.2, 0, 0.00, 70, 66, 1.9, 88, 57, 0, 
08/10/2014 10:00, 74.0, 0, 0.00, 80, 67, 1.1, 71, 42, 0, 
08/10/2014 09:00, 70.6, 5, 0.00, 91, 68, 0.8, 80, 27, 60, 
08/10/2014 08:00, 66.8, 48, 0.00, 98, 66, 0.1, 202, 12, 60, 
08/10/2014 07:00, 62.0, 32, 0.00, 97, 61, 0.8, 283, 1, 60, 
08/10/2014 06:00, 60.7, 0, 0.00, 97, 60, 0.9, 320, 0, 60, 
08/10/2014 05:00, 61.6, 0, 0.00, 97, 61, 0.4, 257, 0, 60, 
08/10/2014 04:00, 61.7, 0, 0.00, 98, 61, 0.4, 45, 0, 60, 
08/10/2014 03:00, 62.9, 0, 0.00, 98, 62, 0.5, 101, 0, 60, 
08/10/2014 02:00, 64.5, 0, 0.00, 98, 64, 0.6, 279, 0, 60, 
08/10/2014 01:00, 65.3, 0, 0.00, 97, 64, 0.5, 211, 0, 60, 
08/10/2014 00:00, 65.6, 0, 0.00, 97, 65, 0.2, 270, 0, 60, 
08/08/2014 23:00, 62.1, 0, 0.00, 86, 58, 0.9, 269, 0, 0, 
08/08/2014 22:00, 64.5, 0, 0.00, 77, 57, 0.1, 292, 0, 0, 
08/08/2014 21:00, 67.5, 0, 0.00, 77, 60, 1.3, 301, 0, 0, 
08/08/2014 20:00, 70.1, 0, 0.00, 75, 62, 1.4, 203, 3, 0, 
08/08/2014 19:00, 73.6, 0, 0.00, 64, 61, 1.8, 44, 14, 0, 
08/08/2014 18:00, 74.0, 0, 0.00, 59, 59, 2.8, 34, 22, 0, 
08/08/2014 17:00, 77.2, 0, 0.00, 52, 58, 2.5, 102, 45, 0, 
08/08/2014 16:00, 77.9, 0, 0.00, 52, 59, 1.9, 203, 51, 0, 
08/08/2014 15:00, 77.1, 0, 0.00, 54, 59, 1.6, 117, 61, 0, 
08/08/2014 14:00, 76.4, 0, 0.00, 50, 56, 1.8, 167, 73, 0, 
08/08/2014 13:00, 75.0, 0, 0.00, 51, 56, 2.0, 109, 65, 0, 
08/08/2014 12:00, 74.1, 0, 0.00, 52, 55, 2.1, 27, 53, 0, 
08/08/2014 11:00, 72.7, 0, 0.00, 54, 55, 2.8, 38, 50, 0, 
08/08/2014 10:00, 71.4, 0, 0.00, 63, 58, 2.0, 100, 34, 0, 
08/08/2014 09:00, 69.1, 0, 0.00, 70, 59, 1.8, 260, 24, 0, 
08/08/2014 08:00, 64.5, 0, 0.00, 88, 61, 0.6, 315, 10, 0, 
08/08/2014 07:00, 56.5, 0, 0.00, 96, 55, 0.3, 291, 1, 60, 
08/08/2014 06:00, 59.6, 0, 0.00, 87, 56, 1.0, 268, 0, 0, 
08/08/2014 05:00, 59.5, 0, 0.00, 89, 56, 0.5, 360, 0, 0, 
08/08/2014 04:00, 61.0, 0, 0.00, 85, 56, 0.9, 319, 0, 0, 
08/08/2014 03:00, 64.0, 0, 0.00, 75, 56, 1.5, 315, 0, 0, 
08/08/2014 02:00, 64.4, 0, 0.00, 76, 57, 1.6, 319, 0, 0, 
08/08/2014 01:00, 65.4, 0, 0.00, 76, 58, 1.9, 323, 0, 0, 
08/08/2014 00:00, 66.4, 0, 0.00, 76, 59, 1.8, 323, 0, 0, 
08/06/2014 23:00, 67.8, 0, 0.00, 90, 65, 1.6, 258, 0, 60, 
08/06/2014 22:00, 65.3, 0, 0.00, 95, 64, 0.0, 67, 0, 60, 
08/06/2014 21:00, 68.6, 0, 0.00, 87, 65, 1.4, 226, 0, 0, 
08/06/2014 20:00, 73.3, 0, 0.00, 82, 67, 0.9, 200, 7, 0, 
08/06/2014 19:00, 78.6, 0, 0.00, 77, 71, 1.5, 27, 22, 0, 
08/06/2014 18:00, 78.8, 0, 0.00, 62, 65, 2.6, 263, 39, 0, 
08/06/2014 17:00, 78.1, 0, 0.00, 61, 64, 4.7, 87, 52, 0, 
08/06/2014 16:00, 77.8, 0, 0.00, 65, 65, 4.8, 340, 65, 0, 
08/06/2014 15:00, 76.9, 0, 0.00, 69, 66, 4.4, 339, 70, 0, 
08/06/2014 14:00, 74.5, 0, 0.00, 73, 65, 3.1, 92, 63, 0, 
08/06/2014 13:00, 70.8, 25, 0.00, 83, 65, 3.2, 94, 34, 0, 
08/06/2014 12:00, 68.4, 0, 0.00, 92, 66, 2.8, 41, 17, 60, 
08/06/2014 11:00, 68.1, 0, 0.00, 91, 65, 2.5, 201, 16, 60, 
08/06/2014 10:00, 67.3, 0, 0.00, 91, 65, 1.3, 214, 11, 60, 
08/06/2014 09:00, 65.0, 27, 0.00, 98, 64, 0.7, 197, 5, 60, 
08/06/2014 08:00, 63.8, 60, 0.00, 97, 63, 0.6, 236, 6, 60, 
08/06/2014 07:00, 61.2, 60, 0.00, 97, 60, 0.8, 298, 1, 60, 
08/06/2014 06:00, 60.7, 60, 0.00, 97, 60, 0.4, 298, 0, 60, 
08/06/2014 05:00, 60.6, 60, 0.00, 97, 60, 0.9, 200, 0, 60, 
08/06/2014 04:00, 60.4, 60, 0.01, 97, 60, 0.4, 296, 0, 60, 
08/06/2014 03:00, 60.5, 60, 0.00, 97, 60, 0.2, 315, 0, 60, 
08/06/2014 02:00, 61.5, 60, 0.00, 98, 61, 0.9, 312, 0, 60, 
08/06/2014 01:00, 62.9, 60, 0.00, 97, 62, 0.2, 239, 0, 60, 
08/06/2014 00:00, 64.4, 60, 0.00, 97, 64, 0.7, 296, 0, 60, 
08/04/2014 23:00, 64.5, 0, 0.00, 97, 64, 0.2, 276, 0, 60, 
08/04/2014 22:00, 66.4, 0, 0.00, 95, 65, 0.7, 225, 0, 60, 
08/04/2014 21:00, 69.5, 0, 0.00, 85, 65, 1.5, 235, 0, 0, 
08/04/2014 20:00, 76.3, 0, 0.00, 76, 68, 0.7, 350, 7, 0, 
08/04/2014 19:00, 80.1, 0, 0.00, 66, 68, 1.5, 336, 21, 0, 
08/04/2014 18:00, 81.2, 0, 0.00, 63, 67, 1.7, 312, 39, 0, 
08/04/2014 17:00, 79.5, 0, 0.00, 59, 64, 2.8, 261, 46, 0, 
08/04/2014 16:00, 79.8, 0, 0.00, 61, 65, 2.9, 249, 71, 0, 
08/04/2014 15:00, 78.7, 0, 0.00, 60, 64, 2.7, 16, 67, 0, 
08/04/2014 14:00, 76.1, 0, 0.00, 68, 65, 3.6, 112, 53, 0, 
08/04/2014 13:00, 74.5, 0, 0.00, 72, 65, 3.7, 254, 49, 0, 
08/04/2014 12:00, 74.1, 0, 0.00, 73, 65, 5.3, 266, 72, 0, 
08/04/2014 11:00, 71.7, 0, 0.00, 78, 64, 5.0, 259, 38, 0, 
08/04/2014 10:00, 70.4, 0, 0.00, 84, 65, 3.5, 250, 34, 0, 
08/04/2014 09:00, 66.0, 0, 0.00, 96, 65, 4.1, 339, 17, 60, 
08/04/2014 08:00, 65.0, 47, 0.00, 98, 64, 1.1, 174, 14, 60, 
08/04/2014 07:00, 61.7, 60, 0.00, 97, 61, 0.9, 189, 3, 60, 
08/04/2014 06:00, 60.7, 60, 0.00, 98, 60, 0.5, 308, 0, 60, 
08/04/2014 05:00, 60.0, 60, 0.00, 97, 59, 0.9, 260, 0, 60, 
08/04/2014 04:00, 59.4, 60, 0.00, 97, 59, 0.6, 250, 0, 60, 
08/04/2014 03:00, 60.0, 60, 0.00, 97, 59, 0.4, 200, 0, 60, 
08/04/2014 02:00, 60.4, 60, 0.00, 97, 60, 0.7, 195, 0, 60, 
08/04/2014 01:00, 60.8, 60, 0.00, 97, 60, 0.6, 274, 0, 60, 
08/04/2014 00:00, 61.5, 60, 0.00, 97, 61, 0.6, 222, 0, 60, 
08/02/2014 23:00, 69.4, 0, 0.00, 95, 68, 0.1, 135, 0, 60, 
08/02/2014 22:00, 70.5, 0, 0.00, 90, 67, 0.7, 175, 0, 60, 
08/02/2014 21:00, 71.8, 0, 0.00, 84, 67, 1.5, 172, 0, 0, 
08/02/2014 20:00, 74.6, 0, 0.00, 74, 66, 2.1, 158, 6, 0, 
08/02/2014 19:00, 75.8, 0, 0.00, 72, 66, 1.7, 126, 15, 0, 
08/02/2014 18:00, 76.4, 0, 0.00, 68, 65, 2.2, 127, 24, 0, 
08/02/2014 17:00, 76.3, 0, 0.00, 69, 65, 3.0, 127, 37, 0, 
08/02/2014 16:00, 75.4, 0, 0.00, 71, 65, 2.2, 121, 23, 0, 
08/02/2014 15:00, 75.7, 0, 0.00, 68, 64, 2.5, 65, 26, 0, 
08/02/2014 14:00, 75.2, 0, 0.00, 70, 65, 4.6, 55, 36, 0, 
08/02/2014 13:00, 75.1, 0, 0.00, 66, 63, 4.1, 53, 60, 0, 
08/02/2014 12:00, 75.0, 0, 0.00, 66, 63, 4.1, 35, 46, 0, 
08/02/2014 11:00, 74.2, 0, 0.00, 72, 65, 3.5, 38, 43, 0, 
08/02/2014 10:00, 72.0, 0, 0.00, 81, 66, 2.5, 10, 25, 0, 
08/02/2014 09:00, 70.5, 0, 0.00, 89, 67, 1.1, 181, 18, 0, 
08/02/2014 08:00, 66.3, 0, 0.00, 98, 66, 1.5, 342, 6, 60, 
08/02/2014 07:00, 64.6, 0, 0.00, 97, 64, 1.2, 326, 1, 60, 
08/02/2014 06:00, 64.6, 0, 0.00, 98, 64, 0.0, 226, 0, 60, 
08/02/2014 05:00, 65.2, 0, 0.00, 98, 65, 1.2, 195, 0, 60, 
08/02/2014 04:00, 65.8, 44, 0.00, 96, 65, 1.4, 179, 0, 60, 
08/02/2014 03:00, 66.7, 58, 0.00, 95, 65, 0.9, 152, 0, 60, 
08/02/2014 02:00, 66.6, 10, 0.00, 98, 66, 0.1, 135, 0, 60, 
08/02/2014 01:00, 67.2, 0, 0.00, 97, 66, 0.1, 137, 0, 60, 
08/02/2014 00:00, 67.6, 0, 0.00, 97, 67, 0.1, 292, 0, 60, 