
09/29/2016 23:00, 48.0, 0.00, 86, 44, 3.5, 30, 0, 
09/29/2016 22:00, 50.0, 0.00, 83, 45, 5.8, 40, 0, 
09/29/2016 21:00, 50.0, 0.00, 83, 45, 5.8, 60, 0, 
09/29/2016 20:00, 51.0, 0.00, 79, 45, 5.8, 50, 0, 
09/29/2016 19:00, 54.0, 0.00, 74, 46, 8.1, 60, 0, 
09/29/2016 18:00, 56.0, 0.00, 67, 45, 11.5, 50, 0, 
09/29/2016 17:00, 59.0, 0.00, 62, 46, 8.1, 60, 0, 
09/29/2016 16:00, 59.0, 0.00, 62, 46, 12.7, 60, 0, 
09/29/2016 15:00, 59.0, 0.00, 62, 46, 16.1, 50, 0, 
09/29/2016 14:00, 59.0, 0.00, 60, 45, 16.1, 40, 0, 
09/29/2016 13:00, 58.0, 0.00, 65, 46, 16.1, 40, 0, 
09/29/2016 12:00, 56.0, 0.00, 67, 45, 12.7, 50, 0, 
09/29/2016 11:00, 55.0, 0.00, 69, 45, 10.4, 30, 0, 
09/29/2016 10:00, 54.0, 0.00, 69, 44, 13.8, 40, 0, 
09/29/2016 09:00, 53.0, 0.00, 71, 44, 12.7, 30, 0, 
09/29/2016 08:00, 53.0, 0.00, 74, 45, 8.1, 360, 0, 
09/29/2016 07:00, 52.0, 0.00, 80, 46, 9.2, 360, 0, 
09/29/2016 06:00, 55.0, 0.00, 72, 46, 10.4, 40, 0, 
09/29/2016 05:00, 56.0, 0.00, 69, 46, 12.7, 50, 0, 
09/29/2016 04:00, 57.0, 0.00, 67, 46, 11.5, 50, 0, 
09/29/2016 03:00, 57.0, 0.00, 69, 47, 12.7, 60, 0, 
09/29/2016 02:00, 57.0, 0.00, 67, 46, 13.8, 40, 0, 
09/29/2016 01:00, 57.0, 0.00, 69, 47, 13.8, 40, 0, 
09/29/2016 00:00, 58.0, 0.00, 65, 46, 12.7, 40, 0, 
09/27/2016 23:00, 59.0, 0.00, 90, 56, 3.5, 80, 60, 
09/27/2016 22:00, 58.0, 0.00, 87, 54, 3.5, 50, 0, 
09/27/2016 21:00, 62.0, 0.00, 80, 56, 3.5, 80, 0, 
09/27/2016 20:00, 63.0, 0.00, 78, 56, 0.0, 0, 0, 
09/27/2016 19:00, 63.0, 0.00, 78, 56, 0.0, 0, 0, 
09/27/2016 18:00, 70.0, 0.00, 59, 55, 4.6, 60, 0, 
09/27/2016 17:00, 71.0, 0.00, 55, 54, 0.0, 0, 0, 
09/27/2016 16:00, 71.0, 0.00, 61, 57, 0.0, 0, 0, 
09/27/2016 15:00, 70.0, 0.00, 66, 58, 0.0, 0, 0, 
09/27/2016 14:00, 69.0, 0.00, 65, 57, 4.6, -1, 0, 
09/27/2016 13:00, 69.0, 0.00, 65, 57, 5.8, 330, 0, 
09/27/2016 12:00, 68.0, 0.00, 70, 58, 6.9, 330, 0, 
09/27/2016 11:00, 66.0, 0.00, 78, 59, 4.6, 310, 0, 
09/27/2016 10:00, 64.0, 0.00, 87, 60, 4.6, 290, 0, 
09/27/2016 09:00, 60.0, 0.00, 90, 57, 0.0, 0, 60, 
09/27/2016 08:00, 58.0, 0.03, 93, 56, 0.0, 0, 60, 
09/27/2016 07:00, 57.0, 0.17, 89, 54, 0.0, 0, 60, 
09/27/2016 06:00, 58.0, 0.07, 87, 54, 3.5, 310, 60, 
09/27/2016 05:00, 61.0, 0.00, 70, 51, 3.5, 300, 0, 
09/27/2016 04:00, 61.0, 0.00, 67, 50, 5.8, 160, 0, 
09/27/2016 03:00, 61.0, 0.00, 64, 49, 4.6, 180, 0, 
09/27/2016 02:00, 60.0, 0.00, 62, 47, 4.6, 180, 0, 
09/27/2016 01:00, 59.0, 0.00, 64, 47, 6.9, 170, 0, 
09/27/2016 00:00, 58.0, 0.00, 65, 46, 5.8, 180, 0, 
09/25/2016 23:00, 41.0, 0.00, 76, 34, 0.0, 0, 0, 
09/25/2016 22:00, 45.0, 0.00, 63, 33, 3.5, 340, 0, 
09/25/2016 21:00, 47.0, 0.00, 56, 32, 3.5, 310, 0, 
09/25/2016 20:00, 54.0, 0.00, 35, 27, 0.0, 0, 0, 
09/25/2016 19:00, 55.0, 0.00, 43, 33, 5.8, 330, 0, 
09/25/2016 18:00, 61.0, 0.00, 32, 31, 10.4, 310, 0, 
09/25/2016 17:00, 64.0, 0.00, 27, 29, 10.4, 330, 0, 
09/25/2016 16:00, 65.0, 0.00, 26, 29, 15.0, 310, 0, 
09/25/2016 15:00, 65.0, 0.00, 26, 29, 17.3, 330, 0, 
09/25/2016 14:00, 65.0, 0.00, 28, 31, 13.8, 320, 0, 
09/25/2016 13:00, 64.0, 0.00, 30, 32, 15.0, 300, 0, 
09/25/2016 12:00, 61.0, 0.00, 35, 33, 16.1, 330, 0, 
09/25/2016 11:00, 59.0, 0.00, 39, 34, 12.7, 330, 0, 
09/25/2016 10:00, 55.0, 0.00, 47, 35, 11.5, 340, 0, 
09/25/2016 09:00, 52.0, 0.00, 52, 35, 8.1, 320, 0, 
09/25/2016 08:00, 48.0, 0.00, 61, 35, 10.4, 290, 0, 
09/25/2016 07:00, 43.0, 0.00, 70, 34, 6.9, 290, 0, 
09/25/2016 06:00, 43.0, 0.00, 70, 34, 5.8, 290, 0, 
09/25/2016 05:00, 42.0, 0.00, 73, 34, 5.8, 300, 0, 
09/25/2016 04:00, 45.0, 0.00, 65, 34, 5.8, 320, 0, 
09/25/2016 03:00, 48.0, 0.00, 63, 36, 9.2, 300, 0, 
09/25/2016 02:00, 49.0, 0.00, 63, 37, 10.4, 290, 0, 
09/25/2016 01:00, 47.0, 0.00, 68, 37, 8.1, 300, 0, 
09/25/2016 00:00, 47.0, 0.00, 71, 38, 6.9, 300, 0, 
09/23/2016 23:00, 56.0, 0.29, 90, 53, 0.0, 0, 60, 
09/23/2016 22:00, 57.0, 0.01, 83, 52, 9.2, 50, 60, 
09/23/2016 21:00, 61.0, 0.00, 67, 50, 13.8, 40, 0, 
09/23/2016 20:00, 65.0, 0.00, 65, 53, 15.0, 60, 0, 
09/23/2016 19:00, 68.0, 0.00, 61, 54, 10.4, 350, 0, 
09/23/2016 18:00, 72.0, 0.00, 64, 59, 13.8, 360, 0, 
09/23/2016 17:00, 77.0, 0.00, 48, 56, 9.2, 340, 0, 
09/23/2016 16:00, 80.0, 0.00, 41, 54, 6.9, 360, 0, 
09/23/2016 15:00, 79.0, 0.00, 39, 52, 6.9, 300, 0, 
09/23/2016 14:00, 77.0, 0.00, 45, 54, 5.8, -1, 0, 
09/23/2016 13:00, 74.0, 0.00, 48, 53, 5.8, 240, 0, 
09/23/2016 12:00, 72.0, 0.00, 51, 53, 3.5, 260, 0, 
09/23/2016 11:00, 70.0, 0.00, 51, 51, 3.5, 190, 0, 
09/23/2016 10:00, 66.0, 0.00, 54, 49, 0.0, 0, 0, 
09/23/2016 09:00, 65.0, 0.00, 56, 49, 4.6, 220, 0, 
09/23/2016 08:00, 62.0, 0.00, 62, 49, 3.5, 210, 0, 
09/23/2016 07:00, 61.0, 0.00, 62, 48, 0.0, 0, 0, 
09/23/2016 06:00, 60.0, 0.00, 67, 49, 3.5, 230, 0, 
09/23/2016 05:00, 62.0, 0.00, 60, 48, 0.0, 0, 0, 
09/23/2016 04:00, 60.0, 0.00, 67, 49, 5.8, 220, 0, 
09/23/2016 03:00, 61.0, 0.00, 62, 48, 3.5, 270, 0, 
09/23/2016 02:00, 62.0, 0.00, 62, 49, 3.5, 230, 0, 
09/23/2016 01:00, 64.0, 0.00, 60, 50, 4.6, 240, 0, 
09/23/2016 00:00, 65.0, 0.00, 61, 51, 0.0, 0, 0, 
09/21/2016 23:00, 59.0, 0.00, 83, 54, 0.0, 0, 0, 
09/21/2016 22:00, 59.0, 0.00, 83, 54, 0.0, 0, 0, 
09/21/2016 21:00, 62.0, 0.00, 80, 56, 0.0, 0, 0, 
09/21/2016 20:00, 62.0, 0.00, 75, 54, 0.0, 0, 0, 
09/21/2016 19:00, 68.0, 0.00, 65, 56, 3.5, 300, 0, 
09/21/2016 18:00, 74.0, 0.00, 53, 56, 3.5, 290, 0, 
09/21/2016 17:00, 79.0, 0.00, 34, 48, 4.6, 320, 0, 
09/21/2016 16:00, 80.0, 0.00, 30, 46, 5.8, 310, 0, 
09/21/2016 15:00, 80.0, 0.00, 28, 44, 6.9, 330, 0, 
09/21/2016 14:00, 81.0, 0.00, 27, 44, 8.1, 290, 0, 
09/21/2016 13:00, 80.0, 0.00, 27, 43, 6.9, 340, 0, 
09/21/2016 12:00, 79.0, 0.00, 34, 48, 10.4, 330, 0, 
09/21/2016 11:00, 76.0, 0.00, 42, 51, 6.9, 340, 0, 
09/21/2016 10:00, 75.0, 0.00, 48, 54, 8.1, 360, 0, 
09/21/2016 09:00, 68.0, 0.00, 78, 61, 0.0, 0, 0, 
09/21/2016 08:00, 61.0, 0.00, 93, 59, 0.0, 0, 60, 
09/21/2016 07:00, 58.0, 0.00, 93, 56, 0.0, 0, 60, 
09/21/2016 06:00, 60.0, 0.00, 90, 57, 0.0, 0, 60, 
09/21/2016 05:00, 62.0, 0.00, 86, 58, 0.0, 0, 0, 
09/21/2016 04:00, 62.0, 0.00, 90, 59, 0.0, 0, 60, 
09/21/2016 03:00, 63.0, 0.00, 90, 60, 0.0, 0, 60, 
09/21/2016 02:00, 63.0, 0.00, 90, 60, 0.0, 0, 60, 
09/21/2016 01:00, 65.0, 0.00, 87, 61, 4.6, 250, 0, 
09/21/2016 00:00, 67.0, 0.00, 84, 62, 3.5, 230, 0, 
09/19/2016 23:00, 66.0, 0.00, 93, 64, 0.0, 0, 60, 
09/19/2016 22:00, 67.0, 0.00, 93, 65, 0.0, 0, 60, 
09/19/2016 21:00, 68.0, 0.00, 90, 65, 0.0, 0, 60, 
09/19/2016 20:00, 69.0, 0.00, 93, 67, 4.6, 140, 60, 
09/19/2016 19:00, 70.0, 0.00, 90, 67, 0.0, 0, 60, 
09/19/2016 18:00, 71.0, 0.00, 90, 68, 0.0, 0, 60, 
09/19/2016 17:00, 71.0, 0.00, 24, 32, 4.6, 260, 0, 
09/19/2016 16:00, 72.0, 0.00, 84, 67, 3.5, 180, 0, 
09/19/2016 15:00, 72.0, 0.06, 91, 69, 5.8, 220, 60, 
09/19/2016 14:00, 73.0, 0.04, 96, 72, 5.8, 180, 60, 
09/19/2016 13:00, 72.0, 0.03, 23, 32, 4.6, 150, 60, 
09/19/2016 12:00, 71.0, 0.00, 90, 68, 3.5, 340, 60, 
09/19/2016 11:00, 71.0, 0.00, 96, 70, 0.0, 0, 60, 
09/19/2016 10:00, 70.0, 0.09, 93, 68, 6.9, 90, 60, 
09/19/2016 09:00, 69.0, 0.15, 96, 68, 3.5, 100, 60, 
09/19/2016 08:00, 69.0, 0.10, 93, 67, 0.0, 0, 60, 
09/19/2016 07:00, 71.0, 0.00, 90, 68, 60, 
09/19/2016 06:00, 71.0, 0.00, 90, 68, 0.0, 0, 60, 
09/19/2016 05:00, 71.0, 0.00, 90, 68, 0.0, 0, 60, 
09/19/2016 04:00, 71.0, 0.00, 90, 68, 0.0, 0, 60, 
09/19/2016 03:00, 72.0, 0.09, 87, 68, 9.2, 200, 60, 
09/19/2016 02:00, 73.0, 0.00, 84, 68, 5.8, 180, 0, 
09/19/2016 01:00, 72.0, 0.00, 87, 68, 4.6, 200, 0, 
09/19/2016 00:00, 73.0, 0.00, 84, 68, 4.6, 220, 0, 
09/17/2016 23:00, 66.0, 0.00, 81, 60, 9.2, 200, 0, 
09/17/2016 22:00, 66.0, 0.00, 78, 59, 10.4, 190, 0, 
09/17/2016 21:00, 67.0, 0.00, 73, 58, 9.2, 200, 0, 
09/17/2016 20:00, 69.0, 0.00, 65, 57, 9.2, 190, 0, 
09/17/2016 19:00, 71.0, 0.00, 59, 56, 11.5, 210, 0, 
09/17/2016 18:00, 74.0, 0.00, 50, 54, 10.4, 200, 0, 
09/17/2016 17:00, 77.0, 0.00, 43, 53, 12.7, 200, 0, 
09/17/2016 16:00, 78.0, 0.00, 39, 51, 13.8, 190, 0, 
09/17/2016 15:00, 78.0, 0.00, 36, 49, 11.5, 200, 0, 
09/17/2016 14:00, 77.0, 0.00, 36, 48, 12.7, 180, 0, 
09/17/2016 13:00, 75.0, 0.00, 36, 46, 11.5, 210, 0, 
09/17/2016 12:00, 72.0, 0.00, 35, 43, 13.8, 190, 0, 
09/17/2016 11:00, 70.0, 0.00, 42, 46, 10.4, 200, 0, 
09/17/2016 10:00, 66.0, 0.00, 56, 50, 10.4, 220, 0, 
09/17/2016 09:00, 61.0, 0.00, 67, 50, 8.1, 200, 0, 
09/17/2016 08:00, 51.0, 0.00, 86, 47, 0.0, 0, 0, 
09/17/2016 07:00, 47.0, 0.00, 86, 43, 0.0, 0, 0, 
09/17/2016 06:00, 47.0, 0.00, 90, 44, 0.0, 0, 60, 
09/17/2016 05:00, 49.0, 0.00, 86, 45, 0.0, 0, 0, 
09/17/2016 04:00, 50.0, 0.00, 86, 46, 0.0, 0, 0, 
09/17/2016 03:00, 50.0, 0.00, 89, 47, 0.0, 0, 0, 
09/17/2016 02:00, 53.0, 0.00, 83, 48, 3.5, 130, 0, 
09/17/2016 01:00, 56.0, 0.00, 77, 49, 3.5, 220, 0, 
09/17/2016 00:00, 57.0, 0.00, 74, 49, 3.5, 200, 0, 
09/15/2016 23:00, 51.0, 0.00, 77, 44, 0.0, 0, 0, 
09/15/2016 22:00, 53.0, 0.00, 74, 45, 3.5, 230, 0, 
09/15/2016 21:00, 58.0, 0.00, 60, 44, 4.6, 180, 0, 
09/15/2016 20:00, 60.0, 0.00, 57, 45, 5.8, 120, 0, 
09/15/2016 19:00, 62.0, 0.00, 53, 45, 6.9, 110, 0, 
09/15/2016 18:00, 66.0, 0.00, 47, 45, 9.2, 140, 0, 
09/15/2016 17:00, 68.0, 0.00, 43, 45, 9.2, 130, 0, 
09/15/2016 16:00, 70.0, 0.00, 32, 39, 0.0, 0, 0, 
09/15/2016 15:00, 71.0, 0.00, 32, 40, 6.9, -1, 0, 
09/15/2016 14:00, 70.0, 0.00, 38, 43, 5.8, 340, 0, 
09/15/2016 13:00, 69.0, 0.00, 41, 44, 8.1, 10, 0, 
09/15/2016 12:00, 67.0, 0.00, 44, 44, 0.0, 0, 0, 
09/15/2016 11:00, 63.0, 0.00, 50, 44, 9.2, 90, 0, 
09/15/2016 10:00, 62.0, 0.00, 53, 45, 8.1, 20, 0, 
09/15/2016 09:00, 61.0, 0.00, 58, 46, 11.5, 30, 0, 
09/15/2016 08:00, 56.0, 0.00, 75, 48, 4.6, 350, 0, 
09/15/2016 07:00, 52.0, 0.00, 83, 47, 8.1, 330, 0, 
09/15/2016 06:00, 49.0, 0.00, 86, 45, 3.5, 320, 0, 
09/15/2016 05:00, 50.0, 0.00, 86, 46, 0.0, 0, 0, 
09/15/2016 04:00, 50.0, 0.00, 86, 46, 0.0, 0, 0, 
09/15/2016 03:00, 54.0, 0.00, 77, 47, 4.6, 290, 0, 
09/15/2016 02:00, 55.0, 0.00, 77, 48, 0.0, 0, 0, 
09/15/2016 01:00, 56.0, 0.00, 77, 49, 5.8, 330, 0, 
09/15/2016 00:00, 58.0, 0.00, 72, 49, 5.8, 320, 0, 
09/13/2016 23:00, 67.0, 0.00, 68, 56, 8.1, 220, 0, 
09/13/2016 22:00, 67.0, 0.00, 68, 56, 8.1, 210, 0, 
09/13/2016 21:00, 70.0, 0.00, 61, 56, 11.5, 210, 0, 
09/13/2016 20:00, 72.0, 0.00, 51, 53, 8.1, 200, 0, 
09/13/2016 19:00, 74.0, 0.00, 43, 50, 5.8, 210, 0, 
09/13/2016 18:00, 79.0, 0.00, 34, 48, 8.1, 250, 0, 
09/13/2016 17:00, 81.0, 0.00, 30, 47, 12.7, 230, 0, 
09/13/2016 16:00, 82.0, 0.00, 28, 46, 17.3, 220, 0, 
09/13/2016 15:00, 82.0, 0.00, 29, 47, 11.5, 210, 0, 
09/13/2016 14:00, 82.0, 0.00, 31, 48, 9.2, 230, 0, 
09/13/2016 13:00, 81.0, 0.00, 29, 46, 12.7, 260, 0, 
09/13/2016 12:00, 79.0, 0.00, 35, 49, 12.7, 220, 0, 
09/13/2016 11:00, 76.0, 0.00, 40, 50, 5.8, 250, 0, 
09/13/2016 10:00, 72.0, 0.00, 51, 53, 6.9, 250, 0, 
09/13/2016 09:00, 65.0, 0.00, 65, 53, 6.9, 230, 0, 
09/13/2016 08:00, 59.0, 0.00, 81, 53, 5.8, 240, 0, 
09/13/2016 07:00, 51.0, 0.00, 89, 48, 3.5, 200, 0, 
09/13/2016 06:00, 50.0, 0.00, 89, 47, 0.0, 0, 0, 
09/13/2016 05:00, 51.0, 0.00, 89, 48, 0.0, 0, 0, 
09/13/2016 04:00, 52.0, 0.00, 86, 48, 0.0, 0, 0, 
09/13/2016 03:00, 51.0, 0.00, 86, 47, 0.0, 0, 0, 
09/13/2016 02:00, 51.0, 0.00, 83, 46, 0.0, 0, 0, 
09/13/2016 01:00, 52.0, 0.00, 83, 47, 0.0, 0, 0, 
09/13/2016 00:00, 54.0, 0.00, 80, 48, 0.0, 0, 0, 
09/11/2016 23:00, 60.0, 0.00, 57, 45, 5.8, 330, 0, 
09/11/2016 22:00, 61.0, 0.00, 58, 46, 3.5, 310, 0, 
09/11/2016 21:00, 65.0, 0.00, 48, 45, 8.1, 310, 0, 
09/11/2016 20:00, 66.0, 0.00, 49, 46, 5.8, 300, 0, 
09/11/2016 19:00, 72.0, 0.00, 35, 43, 9.2, 300, 0, 
09/11/2016 18:00, 78.0, 0.00, 29, 43, 12.7, 300, 0, 
09/11/2016 17:00, 81.0, 0.00, 32, 48, 16.1, 310, 0, 
09/11/2016 16:00, 80.0, 0.00, 35, 50, 12.7, 280, 0, 
09/11/2016 15:00, 80.0, 0.00, 42, 55, 13.8, 280, 0, 
09/11/2016 14:00, 77.0, 0.00, 52, 58, 15.0, 270, 0, 
09/11/2016 13:00, 75.0, 0.00, 58, 59, 17.3, 280, 0, 
09/11/2016 12:00, 70.0, 0.05, 81, 64, 11.5, 270, 60, 
09/11/2016 11:00, 70.0, 0.01, 73, 61, 11.5, 250, 60, 
09/11/2016 10:00, 78.0, 0.00, 76, 70, 20.7, 220, 0, 
09/11/2016 09:00, 76.0, 0.00, 79, 69, 11.5, 200, 0, 
09/11/2016 08:00, 75.0, 0.00, 82, 69, 11.5, 210, 0, 
09/11/2016 07:00, 74.0, 0.00, 82, 68, 10.4, 200, 0, 
09/11/2016 06:00, 73.0, 0.00, 84, 68, 15.0, 180, 0, 
09/11/2016 05:00, 72.0, 0.00, 84, 67, 9.2, 200, 0, 
09/11/2016 04:00, 72.0, 0.00, 87, 68, 6.9, 190, 0, 
09/11/2016 03:00, 73.0, 0.01, 84, 68, 6.9, 180, 60, 
09/11/2016 02:00, 73.0, 0.02, 84, 68, 5.8, 200, 60, 
09/11/2016 01:00, 73.0, 0.00, 84, 68, 5.8, 190, 0, 
09/11/2016 00:00, 73.0, 0.00, 84, 68, 6.9, 190, 0, 
09/09/2016 23:00, 71.0, 0.00, 79, 64, 3.5, 220, 0, 
09/09/2016 22:00, 73.0, 0.00, 73, 64, 0.0, 0, 0, 
09/09/2016 21:00, 75.0, 0.00, 69, 64, 3.5, 240, 0, 
09/09/2016 20:00, 79.0, 0.00, 60, 64, 5.8, 250, 0, 
09/09/2016 19:00, 84.0, 0.00, 49, 63, 5.8, 280, 0, 
09/09/2016 18:00, 88.0, 0.00, 47, 65, 6.9, 310, 0, 
09/09/2016 17:00, 90.0, 0.00, 45, 66, 10.4, 310, 0, 
09/09/2016 16:00, 91.0, 0.00, 42, 65, 10.4, 280, 0, 
09/09/2016 15:00, 90.0, 0.00, 45, 66, 11.5, 290, 0, 
09/09/2016 14:00, 91.0, 0.00, 45, 67, 10.4, 260, 0, 
09/09/2016 13:00, 89.0, 0.00, 50, 68, 10.4, 280, 0, 
09/09/2016 12:00, 88.0, 0.00, 55, 70, 9.2, 280, 0, 
09/09/2016 11:00, 83.0, 0.00, 68, 71, 8.1, 310, 0, 
09/09/2016 10:00, 77.0, 0.00, 82, 71, 5.8, 270, 0, 
09/09/2016 09:00, 74.0, 0.00, 87, 70, 0.0, 0, 0, 
09/09/2016 08:00, 74.0, 0.00, 85, 69, 4.6, 220, 0, 
09/09/2016 07:00, 73.0, 0.00, 84, 68, 4.6, 200, 0, 
09/09/2016 06:00, 72.0, 0.00, 87, 68, 5.8, 220, 0, 
09/09/2016 05:00, 73.0, 0.00, 84, 68, 0.0, 0, 0, 
09/09/2016 04:00, 73.0, 0.00, 84, 68, 3.5, 230, 0, 
09/09/2016 03:00, 73.0, 0.00, 84, 68, 5.8, 230, 0, 
09/09/2016 02:00, 73.0, 0.00, 84, 68, 6.9, 220, 0, 
09/09/2016 01:00, 73.0, 0.00, 84, 68, 8.1, 220, 0, 
09/09/2016 00:00, 73.0, 0.00, 84, 68, 8.1, 200, 0, 
09/07/2016 23:00, 69.0, 0.00, 90, 66, 4.6, 30, 60, 
09/07/2016 22:00, 70.0, 0.00, 87, 66, 4.6, 80, 0, 
09/07/2016 21:00, 70.0, 0.00, 87, 66, 9.2, 90, 0, 
09/07/2016 20:00, 71.0, 0.00, 84, 66, 4.6, 50, 0, 
09/07/2016 19:00, 71.0, 0.00, 84, 66, 6.9, 60, 0, 
09/07/2016 18:00, 75.0, 0.00, 76, 67, 11.5, 40, 0, 
09/07/2016 17:00, 76.0, 0.00, 74, 67, 10.4, 20, 0, 
09/07/2016 16:00, 78.0, 0.00, 69, 67, 8.1, 20, 0, 
09/07/2016 15:00, 78.0, 0.00, 71, 68, 11.5, 40, 0, 
09/07/2016 14:00, 74.0, 0.00, 82, 68, 9.2, 40, 0, 
09/07/2016 13:00, 71.0, 0.00, 87, 67, 8.1, 30, 0, 
09/07/2016 12:00, 72.0, 0.00, 84, 67, 8.1, 30, 0, 
09/07/2016 11:00, 71.0, 0.00, 87, 67, 8.1, 70, 0, 
09/07/2016 10:00, 71.0, 0.00, 87, 67, 6.9, 40, 0, 
09/07/2016 09:00, 69.0, 0.00, 90, 66, 9.2, 70, 60, 
09/07/2016 08:00, 68.0, 0.01, 93, 66, 8.1, 60, 60, 
09/07/2016 07:00, 67.0, 0.07, 93, 65, 9.2, 40, 60, 
09/07/2016 06:00, 68.0, 0.00, 90, 65, 10.4, 20, 60, 
09/07/2016 05:00, 68.0, 0.00, 90, 65, 8.1, 10, 60, 
09/07/2016 04:00, 68.0, 0.00, 90, 65, 5.8, 30, 60, 
09/07/2016 03:00, 67.0, 0.00, 93, 65, 4.6, 10, 60, 
09/07/2016 02:00, 68.0, 0.00, 87, 64, 3.5, 60, 0, 
09/07/2016 01:00, 68.0, 0.00, 90, 65, 5.8, 110, 60, 
09/07/2016 00:00, 68.0, 0.00, 90, 65, 4.6, 40, 60, 
09/05/2016 23:00, 60.0, 0.00, 83, 55, 12.7, 30, 0, 
09/05/2016 22:00, 65.0, 0.00, 63, 52, 17.3, 40, 0, 
09/05/2016 21:00, 68.0, 0.00, 45, 46, 18.4, 30, 0, 
09/05/2016 20:00, 69.0, 0.00, 35, 40, 24.2, 30, 0, 
09/05/2016 19:00, 70.0, 0.00, 33, 40, 18.4, 40, 0, 
09/05/2016 18:00, 71.0, 0.00, 25, 33, 16.1, 20, 0, 
09/05/2016 17:00, 71.0, 0.00, 35, 42, 19.6, 40, 0, 
09/05/2016 16:00, 75.0, 0.00, 34, 45, 18.4, 40, 0, 
09/05/2016 15:00, 74.0, 0.00, 38, 47, 16.1, 30, 0, 
09/05/2016 14:00, 76.0, 0.00, 35, 46, 19.6, 30, 0, 
09/05/2016 13:00, 76.0, 0.00, 35, 46, 23.0, 30, 0, 
09/05/2016 12:00, 72.0, 0.00, 43, 48, 15.0, 20, 0, 
09/05/2016 11:00, 68.0, 0.00, 53, 50, 11.5, 20, 0, 
09/05/2016 10:00, 64.0, 0.00, 65, 52, 11.5, 10, 0, 
09/05/2016 09:00, 61.0, 0.00, 70, 51, 6.9, 10, 0, 
09/05/2016 08:00, 58.0, 0.00, 75, 50, 6.9, 340, 0, 
09/05/2016 07:00, 56.0, 0.00, 80, 50, 5.8, 360, 0, 
09/05/2016 06:00, 55.0, 0.00, 80, 49, 8.1, 350, 0, 
09/05/2016 05:00, 54.0, 0.00, 86, 50, 4.6, 330, 0, 
09/05/2016 04:00, 55.0, 0.00, 83, 50, 6.9, 340, 0, 
09/05/2016 03:00, 53.0, 0.00, 86, 49, 0.0, 0, 0, 
09/05/2016 02:00, 54.0, 0.00, 83, 49, 0.0, 0, 0, 
09/05/2016 01:00, 55.0, 0.00, 80, 49, 0.0, 0, 0, 
09/05/2016 00:00, 53.0, 0.00, 83, 48, 0.0, 0, 0, 
09/03/2016 23:00, 55.0, 0.00, 80, 49, 0.0, 0, 0, 
09/03/2016 22:00, 56.0, 0.00, 77, 49, 0.0, 0, 0, 
09/03/2016 21:00, 61.0, 0.00, 64, 49, 4.6, 70, 0, 
09/03/2016 20:00, 66.0, 0.00, 54, 49, 4.6, 120, 0, 
09/03/2016 19:00, 68.0, 0.00, 50, 49, 8.1, 120, 0, 
09/03/2016 18:00, 69.0, 0.00, 47, 48, 8.1, 110, 0, 
09/03/2016 17:00, 71.0, 0.00, 45, 49, 10.4, 130, 0, 
09/03/2016 16:00, 73.0, 0.00, 43, 49, 6.9, 110, 0, 
09/03/2016 15:00, 73.0, 0.00, 44, 50, 11.5, 110, 0, 
09/03/2016 14:00, 74.0, 0.00, 41, 49, 8.1, 70, 0, 
09/03/2016 13:00, 74.0, 0.00, 41, 49, 4.6, 40, 0, 
09/03/2016 12:00, 72.0, 0.00, 46, 50, 4.6, -1, 0, 
09/03/2016 11:00, 71.0, 0.00, 47, 50, 4.6, 60, 0, 
09/03/2016 10:00, 67.0, 0.00, 57, 51, 8.1, 30, 0, 
09/03/2016 09:00, 62.0, 0.00, 72, 53, 4.6, 350, 0, 
09/03/2016 08:00, 56.0, 0.00, 84, 51, 0.0, 0, 0, 
09/03/2016 07:00, 51.0, 0.00, 89, 48, 0.0, 0, 0, 
09/03/2016 06:00, 52.0, 0.00, 89, 49, 0.0, 0, 0, 
09/03/2016 05:00, 51.0, 0.00, 92, 49, 0.0, 0, 60, 
09/03/2016 04:00, 52.0, 0.00, 89, 49, 0.0, 0, 0, 
09/03/2016 03:00, 53.0, 0.00, 86, 49, 0.0, 0, 0, 
09/03/2016 02:00, 55.0, 0.00, 89, 52, 0.0, 0, 0, 
09/03/2016 01:00, 55.0, 0.00, 89, 52, 0.0, 0, 0, 
09/03/2016 00:00, 55.0, 0.00, 89, 52, 0.0, 0, 0, 
09/01/2016 23:00, 64.0, 0.00, 73, 55, 0.0, 0, 0, 
09/01/2016 22:00, 67.0, 0.00, 73, 58, 5.8, 340, 0, 
09/01/2016 21:00, 67.0, 0.00, 90, 64, 0.0, 0, 60, 
09/01/2016 20:00, 68.0, 0.00, 87, 64, 0.0, 0, 0, 
09/01/2016 19:00, 70.0, 0.00, 84, 65, 0.0, 0, 0, 
09/01/2016 18:00, 71.0, 0.01, 79, 64, 3.5, 170, 60, 
09/01/2016 17:00, 73.0, 0.00, 66, 61, 10.4, 350, 0, 
09/01/2016 16:00, 77.0, 0.00, 58, 61, 3.5, 260, 0, 
09/01/2016 15:00, 77.0, 0.00, 62, 63, 3.5, 330, 0, 
09/01/2016 14:00, 74.0, 0.00, 71, 64, 3.5, 320, 0, 
09/01/2016 13:00, 76.0, 0.00, 67, 64, 3.5, -1, 0, 
09/01/2016 12:00, 74.0, 0.00, 76, 66, 3.5, 250, 0, 
09/01/2016 11:00, 73.0, 0.00, 79, 66, 3.5, 250, 0, 
09/01/2016 10:00, 72.0, 0.00, 82, 66, 3.5, 250, 0, 
09/01/2016 09:00, 71.0, 0.00, 81, 65, 3.5, 250, 0, 
09/01/2016 08:00, 71.0, 0.00, 79, 64, 4.6, 250, 0, 
09/01/2016 07:00, 70.0, 0.00, 81, 64, 4.6, 200, 0, 
09/01/2016 06:00, 70.0, 0.00, 84, 65, 3.5, 240, 0, 
09/01/2016 05:00, 71.0, 0.00, 84, 66, 3.5, 240, 0, 
09/01/2016 04:00, 72.0, 0.00, 84, 67, 4.6, 250, 0, 
09/01/2016 03:00, 72.0, 0.00, 84, 67, 6.9, 220, 0, 
09/01/2016 02:00, 73.0, 0.00, 81, 67, 8.1, 230, 0, 
09/01/2016 01:00, 72.0, 0.00, 82, 66, 5.8, 220, 0, 
09/01/2016 00:00, 73.0, 0.00, 79, 66, 6.9, 220, 0, Values in brown italics were estimated from adjacent hours or a nearby location. More information is available on the estimation technique., 
09/30/2016 23:00, 54.0, 0.02, 93, 52, 10.4, 30, 60, 
09/30/2016 22:00, 53.0, 0.00, 93, 51, 10.4, 20, 60, 
09/30/2016 21:00, 53.0, 0.01, 93, 51, 9.2, 30, 60, 
09/30/2016 20:00, 53.0, 0.02, 93, 51, 6.9, 20, 60, 
09/30/2016 19:00, 54.0, 0.02, 80, 48, 8.1, 50, 60, 
09/30/2016 18:00, 55.0, 0.00, 74, 47, 10.4, 40, 0, 
09/30/2016 17:00, 56.0, 0.00, 72, 47, 11.5, 50, 0, 
09/30/2016 16:00, 57.0, 0.00, 69, 47, 15.0, 50, 0, 
09/30/2016 15:00, 57.0, 0.00, 69, 47, 17.3, 40, 0, 
09/30/2016 14:00, 59.0, 0.00, 67, 48, 11.5, 50, 0, 
09/30/2016 13:00, 60.0, 0.00, 62, 47, 15.0, 60, 0, 
09/30/2016 12:00, 59.0, 0.00, 67, 48, 16.1, 50, 0, 
09/30/2016 11:00, 59.0, 0.00, 67, 48, 15.0, 40, 0, 
09/30/2016 10:00, 56.0, 0.00, 75, 48, 13.8, 20, 0, 
09/30/2016 09:00, 54.0, 0.00, 80, 48, 9.2, 20, 0, 
09/30/2016 08:00, 52.0, 0.00, 83, 47, 5.8, 360, 0, 
09/30/2016 07:00, 51.0, 0.00, 83, 46, 5.8, 350, 0, 
09/30/2016 06:00, 50.0, 0.00, 86, 46, 4.6, 10, 0, 
09/30/2016 05:00, 49.0, 0.00, 86, 45, 0.0, 0, 0, 
09/30/2016 04:00, 48.0, 0.00, 89, 45, 3.5, 10, 0, 
09/30/2016 03:00, 48.0, 0.00, 89, 45, 3.5, 10, 0, 
09/30/2016 02:00, 48.0, 0.00, 89, 45, 3.5, 10, 0, 
09/30/2016 01:00, 47.0, 0.00, 90, 44, 3.5, 30, 60, 
09/30/2016 00:00, 48.0, 0.00, 86, 44, 4.6, 30, 0, 
09/28/2016 23:00, 58.0, 0.00, 67, 47, 11.5, 50, 0, 
09/28/2016 22:00, 57.0, 0.00, 72, 48, 12.7, 50, 0, 
09/28/2016 21:00, 57.0, 0.00, 74, 49, 12.7, 40, 0, 
09/28/2016 20:00, 57.0, 0.00, 74, 49, 12.7, 40, 0, 
09/28/2016 19:00, 57.0, 0.00, 74, 49, 12.7, 30, 0, 
09/28/2016 18:00, 56.0, 0.00, 75, 48, 9.2, 40, 0, 
09/28/2016 17:00, 56.0, 0.00, 75, 48, 10.4, 30, 0, 
09/28/2016 16:00, 55.0, 0.00, 80, 49, 10.4, 30, 0, 
09/28/2016 15:00, 55.0, 0.00, 80, 49, 15.0, 50, 0, 
09/28/2016 14:00, 56.0, 0.00, 80, 50, 15.0, 40, 0, 
09/28/2016 13:00, 57.0, 0.00, 74, 49, 11.5, 60, 0, 
09/28/2016 12:00, 56.0, 0.00, 80, 50, 13.8, 60, 0, 
09/28/2016 11:00, 56.0, 0.00, 80, 50, 13.8, 70, 0, 
09/28/2016 10:00, 56.0, 0.00, 80, 50, 11.5, 60, 0, 
09/28/2016 09:00, 56.0, 0.00, 80, 50, 10.4, 60, 0, 
09/28/2016 08:00, 57.0, 0.00, 77, 50, 13.8, 70, 0, 
09/28/2016 07:00, 58.0, 0.00, 78, 51, 12.7, 80, 0, 
09/28/2016 06:00, 59.0, 0.00, 83, 54, 12.7, 30, 0, 
09/28/2016 05:00, 59.0, 0.00, 87, 55, 6.9, 40, 0, 
09/28/2016 04:00, 59.0, 0.00, 87, 55, 6.9, 60, 0, 
09/28/2016 03:00, 59.0, 0.00, 90, 56, 8.1, 50, 60, 
09/28/2016 02:00, 59.0, 0.00, 90, 56, 6.9, 60, 60, 
09/28/2016 01:00, 59.0, 0.00, 90, 56, 3.5, 80, 60, 
09/28/2016 00:00, 58.0, 0.00, 90, 55, 3.5, 80, 60, 
09/26/2016 23:00, 58.0, 0.00, 65, 46, 9.2, 190, 0, 
09/26/2016 22:00, 57.0, 0.00, 64, 45, 6.9, 180, 0, 
09/26/2016 21:00, 57.0, 0.00, 64, 45, 5.8, 200, 0, 
09/26/2016 20:00, 60.0, 0.00, 53, 43, 6.9, 190, 0, 
09/26/2016 19:00, 60.0, 0.00, 47, 40, 5.8, 180, 0, 
09/26/2016 18:00, 64.0, 0.00, 40, 39, 4.6, 170, 0, 
09/26/2016 17:00, 65.0, 0.00, 34, 36, 8.1, 200, 0, 
09/26/2016 16:00, 67.0, 0.00, 31, 35, 8.1, 220, 0, 
09/26/2016 15:00, 67.0, 0.00, 31, 35, 6.9, 220, 0, 
09/26/2016 14:00, 66.0, 0.00, 30, 34, 6.9, 250, 0, 
09/26/2016 13:00, 63.0, 0.00, 35, 35, 6.9, 210, 0, 
09/26/2016 12:00, 62.0, 0.00, 38, 36, 0.0, 0, 0, 
09/26/2016 11:00, 59.0, 0.00, 41, 35, 5.8, 270, 0, 
09/26/2016 10:00, 56.0, 0.00, 51, 38, 0.0, 0, 0, 
09/26/2016 09:00, 49.0, 0.00, 69, 39, 0.0, 0, 0, 
09/26/2016 08:00, 41.0, 0.00, 86, 37, 4.6, 260, 0, 
09/26/2016 07:00, 34.0, 0.00, 85, 30, 0.0, 0, 0, 
09/26/2016 06:00, 34.0, 0.00, 85, 30, 0.0, 0, 0, 
09/26/2016 05:00, 36.0, 0.00, 85, 32, 0.0, 0, 0, 
09/26/2016 04:00, 37.0, 0.00, 85, 33, 0.0, 0, 0, 
09/26/2016 03:00, 36.0, 0.00, 82, 31, 0.0, 0, 0, 
09/26/2016 02:00, 38.0, 0.00, 82, 33, 0.0, 0, 0, 
09/26/2016 01:00, 38.0, 0.00, 82, 33, 0.0, 0, 0, 
09/26/2016 00:00, 39.0, 0.00, 79, 33, 0.0, 0, 0, 
09/24/2016 23:00, 45.0, 0.00, 80, 39, 0.0, 0, 0, 
09/24/2016 22:00, 46.0, 0.00, 76, 39, 0.0, 0, 0, 
09/24/2016 21:00, 50.0, 0.00, 66, 39, 3.5, 260, 0, 
09/24/2016 20:00, 50.0, 0.00, 68, 40, 4.6, 310, 0, 
09/24/2016 19:00, 58.0, 0.00, 46, 37, 3.5, 330, 0, 
09/24/2016 18:00, 62.0, 0.00, 38, 36, 8.1, 340, 0, 
09/24/2016 17:00, 65.0, 0.00, 33, 35, 10.4, 330, 0, 
09/24/2016 16:00, 67.0, 0.00, 29, 34, 15.0, 320, 0, 
09/24/2016 15:00, 66.0, 0.00, 33, 36, 9.2, 310, 0, 
09/24/2016 14:00, 66.0, 0.00, 33, 36, 10.4, 310, 0, 
09/24/2016 13:00, 65.0, 0.00, 36, 37, 13.8, 350, 0, 
09/24/2016 12:00, 61.0, 0.00, 46, 40, 9.2, 330, 0, 
09/24/2016 11:00, 59.0, 0.00, 60, 45, 5.8, 350, 0, 
09/24/2016 10:00, 60.0, 0.00, 64, 48, 5.8, 310, 0, 
09/24/2016 09:00, 57.0, 0.00, 74, 49, 4.6, 320, 0, 
09/24/2016 08:00, 55.0, 0.00, 83, 50, 6.9, 350, 0, 
09/24/2016 07:00, 53.0, 0.00, 83, 48, 0.0, 0, 0, 
09/24/2016 06:00, 54.0, 0.00, 90, 51, 4.6, 340, 60, 
09/24/2016 05:00, 55.0, 0.00, 89, 52, 4.6, 330, 0, 
09/24/2016 04:00, 55.0, 0.00, 86, 51, 3.5, 340, 0, 
09/24/2016 03:00, 55.0, 0.00, 83, 50, 8.1, 10, 0, 
09/24/2016 02:00, 56.0, 0.00, 93, 54, 4.6, 340, 60, 
09/24/2016 01:00, 56.0, 0.00, 93, 54, 5.8, 360, 60, 
09/24/2016 00:00, 56.0, 0.09, 93, 54, 5.8, 40, 60, 
09/22/2016 23:00, 66.0, 0.00, 61, 52, 4.6, 210, 0, 
09/22/2016 22:00, 69.0, 0.00, 55, 52, 9.2, 200, 0, 
09/22/2016 21:00, 71.0, 0.00, 51, 52, 9.2, 190, 0, 
09/22/2016 20:00, 69.0, 0.00, 55, 52, 0.0, 0, 0, 
09/22/2016 19:00, 74.0, 0.00, 45, 51, 5.8, 120, 0, 
09/22/2016 18:00, 77.0, 0.00, 39, 50, 8.1, 120, 0, 
09/22/2016 17:00, 81.0, 0.00, 34, 50, 10.4, 100, 0, 
09/22/2016 16:00, 82.0, 0.00, 33, 50, 8.1, 110, 0, 
09/22/2016 15:00, 82.0, 0.00, 33, 50, 5.8, 80, 0, 
09/22/2016 14:00, 82.0, 0.00, 33, 50, 10.4, 110, 0, 
09/22/2016 13:00, 83.0, 0.00, 33, 51, 10.4, 130, 0, 
09/22/2016 12:00, 82.0, 0.00, 32, 49, 4.6, 90, 0, 
09/22/2016 11:00, 79.0, 0.00, 41, 53, 4.6, -1, 0, 
09/22/2016 10:00, 73.0, 0.00, 53, 55, 0.0, 0, 0, 
09/22/2016 09:00, 66.0, 0.00, 68, 55, 0.0, 0, 0, 
09/22/2016 08:00, 58.0, 0.00, 84, 53, 0.0, 0, 0, 
09/22/2016 07:00, 51.0, 0.00, 92, 49, 0.0, 0, 60, 
09/22/2016 06:00, 51.0, 0.00, 89, 48, 3.5, 330, 0, 
09/22/2016 05:00, 53.0, 0.00, 89, 50, 0.0, 0, 0, 
09/22/2016 04:00, 53.0, 0.00, 89, 50, 0.0, 0, 0, 
09/22/2016 03:00, 54.0, 0.00, 90, 51, 0.0, 0, 60, 
09/22/2016 02:00, 55.0, 0.00, 89, 52, 0.0, 0, 0, 
09/22/2016 01:00, 56.0, 0.00, 87, 52, 0.0, 0, 0, 
09/22/2016 00:00, 57.0, 0.00, 87, 53, 0.0, 0, 0, 
09/20/2016 23:00, 66.0, 0.00, 90, 63, 4.6, 210, 60, 
09/20/2016 22:00, 69.0, 0.00, 81, 63, 0.0, 0, 0, 
09/20/2016 21:00, 69.0, 0.00, 81, 63, 0.0, 0, 0, 
09/20/2016 20:00, 71.0, 0.00, 79, 64, 5.8, 250, 0, 
09/20/2016 19:00, 73.0, 0.00, 76, 65, 5.8, 210, 0, 
09/20/2016 18:00, 77.0, 0.00, 66, 65, 4.6, 210, 0, 
09/20/2016 17:00, 79.0, 0.00, 58, 63, 8.1, 200, 0, 
09/20/2016 16:00, 79.0, 0.00, 65, 66, 6.9, 190, 0, 
09/20/2016 15:00, 79.0, 0.00, 65, 66, 3.5, -1, 0, 
09/20/2016 14:00, 76.0, 0.00, 71, 66, 3.5, -1, 0, 
09/20/2016 13:00, 74.0, 0.00, 76, 66, 5.8, 210, 0, 
09/20/2016 12:00, 72.0, 0.00, 82, 66, 3.5, 170, 0, 
09/20/2016 11:00, 71.0, 0.00, 81, 65, 0.0, 0, 0, 
09/20/2016 10:00, 70.0, 0.00, 84, 65, 3.5, -1, 0, 
09/20/2016 09:00, 67.0, 0.00, 90, 64, 0.0, 0, 60, 
09/20/2016 08:00, 65.0, 0.00, 93, 63, 3.5, 310, 60, 
09/20/2016 07:00, 65.0, 0.00, 93, 63, 0.0, 0, 60, 
09/20/2016 06:00, 65.0, 0.00, 93, 63, 0.0, 0, 60, 
09/20/2016 05:00, 64.0, 0.00, 93, 62, 0.0, 0, 60, 
09/20/2016 04:00, 64.0, 0.00, 93, 62, 0.0, 0, 60, 
09/20/2016 03:00, 65.0, 0.00, 93, 63, 0.0, 0, 60, 
09/20/2016 02:00, 64.0, 0.00, 93, 62, 0.0, 0, 60, 
09/20/2016 01:00, 65.0, 0.00, 93, 63, 0.0, 0, 60, 
09/20/2016 00:00, 65.0, 0.00, 93, 63, 0.0, 0, 60, 
09/18/2016 23:00, 74.0, 0.00, 82, 68, 4.6, 190, 0, 
09/18/2016 22:00, 75.0, 0.00, 76, 67, 4.6, 210, 0, 
09/18/2016 21:00, 76.0, 0.00, 74, 67, 6.9, 190, 0, 
09/18/2016 20:00, 74.0, 0.00, 76, 66, 5.8, 200, 0, 
09/18/2016 19:00, 77.0, 0.00, 66, 65, 5.8, 200, 0, 
09/18/2016 18:00, 78.0, 0.00, 67, 66, 5.8, 220, 0, 
09/18/2016 17:00, 79.0, 0.00, 65, 66, 5.8, 240, 0, 
09/18/2016 16:00, 80.0, 0.00, 62, 66, 11.5, 220, 0, 
09/18/2016 15:00, 80.0, 0.00, 62, 66, 4.6, -1, 0, 
09/18/2016 14:00, 79.0, 0.00, 65, 66, 8.1, 240, 0, 
09/18/2016 13:00, 78.0, 0.00, 67, 66, 10.4, 230, 0, 
09/18/2016 12:00, 77.0, 0.00, 66, 65, 12.7, 220, 0, 
09/18/2016 11:00, 76.0, 0.00, 69, 65, 11.5, 220, 0, 
09/18/2016 10:00, 75.0, 0.00, 69, 64, 15.0, 230, 0, 
09/18/2016 09:00, 72.0, 0.00, 73, 63, 11.5, 230, 0, 
09/18/2016 08:00, 69.0, 0.00, 78, 62, 8.1, 220, 0, 
09/18/2016 07:00, 68.0, 0.00, 81, 62, 8.1, 220, 0, 
09/18/2016 06:00, 66.0, 0.00, 84, 61, 6.9, 210, 0, 
09/18/2016 05:00, 66.0, 0.00, 84, 61, 5.8, 200, 0, 
09/18/2016 04:00, 66.0, 0.00, 81, 60, 8.1, 200, 0, 
09/18/2016 03:00, 66.0, 0.00, 81, 60, 9.2, 200, 0, 
09/18/2016 02:00, 65.0, 0.00, 87, 61, 9.2, 210, 0, 
09/18/2016 01:00, 65.0, 0.00, 84, 60, 9.2, 210, 0, 
09/18/2016 00:00, 65.0, 0.00, 84, 60, 9.2, 200, 0, 
09/16/2016 23:00, 57.0, 0.00, 74, 49, 4.6, 200, 0, 
09/16/2016 22:00, 60.0, 0.00, 67, 49, 5.8, 200, 0, 
09/16/2016 21:00, 63.0, 0.00, 60, 49, 11.5, 190, 0, 
09/16/2016 20:00, 65.0, 0.00, 52, 47, 10.4, 190, 0, 
09/16/2016 19:00, 67.0, 0.00, 47, 46, 4.6, 180, 0, 
09/16/2016 18:00, 72.0, 0.00, 40, 46, 6.9, 200, 0, 
09/16/2016 17:00, 73.0, 0.00, 37, 45, 3.5, 160, 0, 
09/16/2016 16:00, 74.0, 0.00, 37, 46, 0, 
09/16/2016 15:00, 75.0, 0.00, 36, 46, 11.5, 210, 0, 
09/16/2016 14:00, 72.0, 0.00, 40, 46, 4.6, -1, 0, 
09/16/2016 13:00, 73.0, 0.00, 40, 47, 8.1, 190, 0, 
09/16/2016 12:00, 72.0, 0.00, 44, 49, 5.8, 240, 0, 
09/16/2016 11:00, 68.0, 0.00, 55, 51, 0.0, 0, 0, 
09/16/2016 10:00, 66.0, 0.00, 59, 51, 0.0, 0, 0, 
09/16/2016 09:00, 57.0, 0.00, 81, 51, 0.0, 0, 0, 
09/16/2016 08:00, 50.0, 0.00, 89, 47, 0.0, 0, 0, 
09/16/2016 07:00, 45.0, 0.00, 90, 42, 0.0, 0, 60, 
09/16/2016 06:00, 43.0, 0.00, 86, 39, 0.0, 0, 0, 
09/16/2016 05:00, 44.0, 0.00, 82, 39, 0.0, 0, 0, 
09/16/2016 04:00, 44.0, 0.00, 85, 40, 0.0, 0, 0, 
09/16/2016 03:00, 46.0, 0.00, 86, 42, 0.0, 0, 0, 
09/16/2016 02:00, 47.0, 0.00, 86, 43, 0.0, 0, 0, 
09/16/2016 01:00, 46.0, 0.00, 86, 42, 0.0, 0, 0, 
09/16/2016 00:00, 50.0, 0.00, 80, 44, 0.0, 0, 0, 
09/14/2016 23:00, 62.0, 0.00, 62, 49, 8.1, 340, 0, 
09/14/2016 22:00, 64.0, 0.00, 58, 49, 12.7, 340, 0, 
09/14/2016 21:00, 67.0, 0.00, 55, 50, 9.2, 340, 0, 
09/14/2016 20:00, 70.0, 0.00, 57, 54, 15.0, 350, 0, 
09/14/2016 19:00, 73.0, 0.00, 59, 58, 15.0, 340, 0, 
09/14/2016 18:00, 80.0, 0.00, 44, 56, 9.2, 280, 0, 
09/14/2016 17:00, 83.0, 0.00, 41, 57, 15.0, 300, 0, 
09/14/2016 16:00, 87.0, 0.00, 36, 57, 10.4, 260, 0, 
09/14/2016 15:00, 87.0, 0.00, 37, 58, 16.1, 260, 0, 
09/14/2016 14:00, 87.0, 0.00, 36, 57, 17.3, 290, 0, 
09/14/2016 13:00, 87.0, 0.00, 36, 57, 12.7, 200, 0, 
09/14/2016 12:00, 84.0, 0.00, 43, 59, 13.8, 220, 0, 
09/14/2016 11:00, 81.0, 0.00, 49, 60, 11.5, 230, 0, 
09/14/2016 10:00, 77.0, 0.00, 56, 60, 10.4, 260, 0, 
09/14/2016 09:00, 72.0, 0.00, 66, 60, 9.2, 230, 0, 
09/14/2016 08:00, 67.0, 0.00, 76, 59, 5.8, 230, 0, 
09/14/2016 07:00, 63.0, 0.00, 84, 58, 0.0, 0, 0, 
09/14/2016 06:00, 62.0, 0.00, 86, 58, 8.1, 220, 0, 
09/14/2016 05:00, 63.0, 0.00, 84, 58, 5.8, 220, 0, 
09/14/2016 04:00, 64.0, 0.00, 81, 58, 8.1, 210, 0, 
09/14/2016 03:00, 64.0, 0.00, 78, 57, 8.1, 220, 0, 
09/14/2016 02:00, 64.0, 0.00, 78, 57, 6.9, 220, 0, 
09/14/2016 01:00, 65.0, 0.00, 76, 57, 8.1, 220, 0, 
09/14/2016 00:00, 66.0, 0.00, 70, 56, 8.1, 220, 0, 
09/12/2016 23:00, 53.0, 0.00, 83, 48, 4.6, 190, 0, 
09/12/2016 22:00, 56.0, 0.00, 77, 49, 0.0, 0, 0, 
09/12/2016 21:00, 59.0, 0.00, 69, 49, 0.0, 0, 0, 
09/12/2016 20:00, 63.0, 0.00, 63, 50, 6.9, 70, 0, 
09/12/2016 19:00, 71.0, 0.00, 31, 39, 3.5, 250, 0, 
09/12/2016 18:00, 75.0, 0.00, 28, 40, 8.1, 260, 0, 
09/12/2016 17:00, 76.0, 0.00, 26, 39, 4.6, -1, 0, 
09/12/2016 16:00, 76.0, 0.00, 25, 38, 4.6, 310, 0, 
09/12/2016 15:00, 76.0, 0.00, 25, 38, 8.1, 240, 0, 
09/12/2016 14:00, 74.0, 0.00, 26, 37, 0.0, 0, 0, 
09/12/2016 13:00, 72.0, 0.00, 27, 36, 0.0, 0, 0, 
09/12/2016 12:00, 73.0, 0.00, 28, 38, 8.1, 330, 0, 
09/12/2016 11:00, 70.0, 0.00, 35, 41, 11.5, 340, 0, 
09/12/2016 10:00, 67.0, 0.00, 44, 44, 5.8, -1, 0, 
09/12/2016 09:00, 62.0, 0.00, 65, 50, 3.5, 310, 0, 
09/12/2016 08:00, 53.0, 0.00, 80, 47, 0.0, 0, 0, 
09/12/2016 07:00, 46.0, 0.00, 89, 43, 0.0, 0, 0, 
09/12/2016 06:00, 45.0, 0.00, 90, 42, 0.0, 0, 60, 
09/12/2016 05:00, 46.0, 0.00, 86, 42, 0.0, 0, 0, 
09/12/2016 04:00, 47.0, 0.00, 86, 43, 0.0, 0, 0, 
09/12/2016 03:00, 47.0, 0.00, 86, 43, 0.0, 0, 0, 
09/12/2016 02:00, 52.0, 0.00, 77, 45, 0.0, 0, 0, 
09/12/2016 01:00, 53.0, 0.00, 74, 45, 0.0, 0, 0, 
09/12/2016 00:00, 58.0, 0.00, 60, 44, 4.6, 330, 0, 
09/10/2016 23:00, 74.0, 0.00, 82, 68, 6.9, 200, 0, 
09/10/2016 22:00, 70.0, 0.00, 78, 63, 0.0, 0, 0, 
09/10/2016 21:00, 71.0, 0.00, 76, 63, 0.0, 0, 0, 
09/10/2016 20:00, 72.0, 0.00, 73, 63, 4.6, 110, 0, 
09/10/2016 19:00, 74.0, 0.00, 66, 62, 9.2, 90, 0, 
09/10/2016 18:00, 77.0, 0.00, 60, 62, 9.2, 100, 0, 
09/10/2016 17:00, 79.0, 0.00, 54, 61, 12.7, 100, 0, 
09/10/2016 16:00, 80.0, 0.00, 52, 61, 8.1, 110, 0, 
09/10/2016 15:00, 77.0, 0.00, 64, 64, 6.9, 100, 0, 
09/10/2016 14:00, 74.0, 0.00, 74, 65, 8.1, 70, 0, 
09/10/2016 13:00, 78.0, 0.00, 56, 61, 5.8, 110, 0, 
09/10/2016 12:00, 78.0, 0.00, 52, 59, 9.2, 90, 0, 
09/10/2016 11:00, 80.0, 0.00, 45, 57, 10.4, 120, 0, 
09/10/2016 10:00, 77.0, 0.00, 52, 58, 8.1, 100, 0, 
09/10/2016 09:00, 73.0, 0.00, 71, 63, 5.8, 80, 0, 
09/10/2016 08:00, 70.0, 0.00, 81, 64, 0.0, 0, 0, 
09/10/2016 07:00, 68.0, 0.00, 84, 63, 0, 
09/10/2016 06:00, 67.0, 0.00, 87, 63, 0.0, 0, 0, 
09/10/2016 05:00, 67.0, 0.00, 87, 63, 0.0, 0, 0, 
09/10/2016 04:00, 66.0, 0.00, 87, 62, 0.0, 0, 0, 
09/10/2016 03:00, 66.0, 0.00, 87, 62, 0.0, 0, 0, 
09/10/2016 02:00, 65.0, 0.00, 90, 62, 0.0, 0, 60, 
09/10/2016 01:00, 68.0, 0.00, 84, 63, 0.0, 0, 0, 
09/10/2016 00:00, 70.0, 0.00, 78, 63, 0.0, 0, 0, 
09/08/2016 23:00, 73.0, 0.00, 81, 67, 5.8, 250, 0, 
09/08/2016 22:00, 72.0, 0.00, 82, 66, 4.6, 140, 0, 
09/08/2016 21:00, 72.0, 0.00, 79, 65, 6.9, 150, 0, 
09/08/2016 20:00, 74.0, 0.00, 76, 66, 9.2, 130, 0, 
09/08/2016 19:00, 76.0, 0.00, 71, 66, 8.1, 120, 0, 
09/08/2016 18:00, 81.0, 0.00, 57, 64, 0.0, 0, 0, 
09/08/2016 17:00, 81.0, 0.00, 54, 63, 3.5, -1, 0, 
09/08/2016 16:00, 80.0, 0.00, 56, 63, 0.0, 0, 0, 
09/08/2016 15:00, 81.0, 0.00, 54, 63, 4.6, 270, 0, 
09/08/2016 14:00, 79.0, 0.00, 62, 65, 4.6, 270, 0, 
09/08/2016 13:00, 78.0, 0.00, 64, 65, 4.6, -1, 0, 
09/08/2016 12:00, 76.0, 0.00, 69, 65, 0.0, 0, 0, 
09/08/2016 11:00, 74.0, 0.00, 76, 66, 4.6, 330, 0, 
09/08/2016 10:00, 73.0, 0.00, 79, 66, 4.6, 310, 0, 
09/08/2016 09:00, 70.0, 0.00, 84, 65, 0.0, 0, 0, 
09/08/2016 08:00, 69.0, 0.00, 87, 65, 6.9, 50, 0, 
09/08/2016 07:00, 68.0, 0.00, 90, 65, 6.9, 330, 60, 
09/08/2016 06:00, 68.0, 0.00, 90, 65, 5.8, 60, 60, 
09/08/2016 05:00, 68.0, 0.00, 90, 65, 4.6, 20, 60, 
09/08/2016 04:00, 68.0, 0.00, 93, 66, 5.8, 360, 60, 
09/08/2016 03:00, 69.0, 0.00, 90, 66, 4.6, 60, 60, 
09/08/2016 02:00, 69.0, 0.00, 90, 66, 5.8, 60, 60, 
09/08/2016 01:00, 69.0, 0.00, 90, 66, 5.8, 80, 60, 
09/08/2016 00:00, 69.0, 0.00, 93, 67, 5.8, 40, 60, 
09/06/2016 23:00, 68.0, 0.00, 90, 65, 4.6, 80, 60, 
09/06/2016 22:00, 68.0, 0.00, 87, 64, 6.9, 80, 0, 
09/06/2016 21:00, 67.0, 0.00, 90, 64, 6.9, 90, 60, 
09/06/2016 20:00, 67.0, 0.00, 90, 64, 8.1, 70, 60, 
09/06/2016 19:00, 67.0, 0.00, 90, 64, 8.1, 50, 60, 
09/06/2016 18:00, 67.0, 0.00, 90, 64, 12.7, 40, 60, 
09/06/2016 17:00, 69.0, 0.00, 87, 65, 10.4, 50, 0, 
09/06/2016 16:00, 69.0, 0.00, 87, 65, 9.2, 30, 0, 
09/06/2016 15:00, 69.0, 0.00, 87, 65, 10.4, 40, 0, 
09/06/2016 14:00, 70.0, 0.00, 84, 65, 10.4, 50, 0, 
09/06/2016 13:00, 69.0, 0.00, 87, 65, 13.8, 50, 0, 
09/06/2016 12:00, 67.0, 0.01, 93, 65, 11.5, 30, 60, 
09/06/2016 11:00, 67.0, 0.00, 93, 65, 9.2, 50, 60, 
09/06/2016 10:00, 65.0, 0.02, 97, 64, 11.5, 40, 60, 
09/06/2016 09:00, 64.0, 0.00, 93, 62, 9.2, 30, 60, 
09/06/2016 08:00, 63.0, 0.02, 93, 61, 11.5, 30, 60, 
09/06/2016 07:00, 62.0, 0.03, 32, 32, 9.2, 20, 60, 
09/06/2016 06:00, 62.0, 0.02, 32, 32, 10.4, 10, 60, 
09/06/2016 05:00, 62.0, 0.03, 32, 32, 11.5, 20, 60, 
09/06/2016 04:00, 63.0, 0.00, 93, 61, 12.7, 30, 60, 
09/06/2016 03:00, 63.0, 0.01, 90, 60, 15.0, 30, 60, 
09/06/2016 02:00, 63.0, 0.00, 90, 60, 16.1, 40, 60, 
09/06/2016 01:00, 62.0, 0.04, 93, 60, 11.5, 20, 60, 
09/06/2016 00:00, 61.0, 0.01, 93, 59, 13.8, 30, 60, 
09/04/2016 23:00, 57.0, 0.00, 74, 49, 0.0, 0, 0, 
09/04/2016 22:00, 59.0, 0.00, 67, 48, 0.0, 0, 0, 
09/04/2016 21:00, 60.0, 0.00, 62, 47, 5.8, 20, 0, 
09/04/2016 20:00, 63.0, 0.00, 54, 46, 6.9, 50, 0, 
09/04/2016 19:00, 67.0, 0.00, 45, 45, 9.2, 40, 0, 
09/04/2016 18:00, 71.0, 0.00, 38, 44, 11.5, 50, 0, 
09/04/2016 17:00, 73.0, 0.00, 34, 43, 11.5, 60, 0, 
09/04/2016 16:00, 75.0, 0.00, 34, 45, 13.8, 60, 0, 
09/04/2016 15:00, 76.0, 0.00, 35, 46, 11.5, 70, 0, 
09/04/2016 14:00, 75.0, 0.00, 36, 46, 12.7, 70, 0, 
09/04/2016 13:00, 75.0, 0.00, 36, 46, 16.1, 70, 0, 
09/04/2016 12:00, 75.0, 0.00, 36, 46, 16.1, 40, 0, 
09/04/2016 11:00, 73.0, 0.00, 41, 48, 17.3, 50, 0, 
09/04/2016 10:00, 71.0, 0.00, 47, 50, 10.4, 70, 0, 
09/04/2016 09:00, 66.0, 0.00, 56, 50, 9.2, 40, 0, 
09/04/2016 08:00, 59.0, 0.00, 78, 52, 3.5, -1, 0, 
09/04/2016 07:00, 51.0, 0.00, 86, 47, 0.0, 0, 0, 
09/04/2016 06:00, 49.0, 0.00, 90, 46, 0.0, 0, 60, 
09/04/2016 05:00, 49.0, 0.00, 93, 47, 0.0, 0, 60, 
09/04/2016 04:00, 50.0, 0.00, 86, 46, 0.0, 0, 0, 
09/04/2016 03:00, 51.0, 0.00, 86, 47, 0.0, 0, 0, 
09/04/2016 02:00, 51.0, 0.00, 89, 48, 0.0, 0, 0, 
09/04/2016 01:00, 52.0, 0.00, 89, 49, 0.0, 0, 0, 
09/04/2016 00:00, 53.0, 0.00, 86, 49, 0.0, 0, 0, 
09/02/2016 23:00, 59.0, 0.00, 83, 54, 0.0, 0, 0, 
09/02/2016 22:00, 57.0, 0.00, 89, 54, 4.6, 210, 0, 
09/02/2016 21:00, 62.0, 0.00, 78, 55, 0.0, 0, 0, 
09/02/2016 20:00, 65.0, 0.00, 70, 55, 3.5, 80, 0, 
09/02/2016 19:00, 68.0, 0.00, 63, 55, 9.2, 90, 0, 
09/02/2016 18:00, 71.0, 0.00, 57, 55, 9.2, 130, 0, 
09/02/2016 17:00, 75.0, 0.00, 50, 55, 10.4, 90, 0, 
09/02/2016 16:00, 73.0, 0.00, 51, 54, 9.2, 110, 0, 
09/02/2016 15:00, 74.0, 0.00, 50, 54, 12.7, 120, 0, 
09/02/2016 14:00, 80.0, 0.00, 34, 49, 5.8, -1, 0, 
09/02/2016 13:00, 79.0, 0.00, 35, 49, 8.1, 30, 0, 
09/02/2016 12:00, 75.0, 0.00, 45, 52, 9.2, 350, 0, 
09/02/2016 11:00, 75.0, 0.00, 46, 53, 5.8, -1, 0, 
09/02/2016 10:00, 71.0, 0.00, 57, 55, 10.4, 320, 0, 
09/02/2016 09:00, 68.0, 0.00, 63, 55, 6.9, 350, 0, 
09/02/2016 08:00, 63.0, 0.00, 72, 54, 5.8, 330, 0, 
09/02/2016 07:00, 58.0, 0.00, 81, 52, 0.0, 0, 0, 
09/02/2016 06:00, 57.0, 0.00, 83, 52, 3.5, 300, 0, 
09/02/2016 05:00, 57.0, 0.00, 81, 51, 3.5, 300, 0, 
09/02/2016 04:00, 57.0, 0.00, 81, 51, 0.0, 0, 0, 
09/02/2016 03:00, 59.0, 0.00, 78, 52, 4.6, 290, 0, 
09/02/2016 02:00, 57.0, 0.00, 81, 51, 5.8, 330, 0, 
09/02/2016 01:00, 59.0, 0.00, 81, 53, 0.0, 0, 0, 
09/02/2016 00:00, 61.0, 0.00, 81, 55, 0.0, 0, 0, 